104
15
8
328
0
10
1
3
106
2
1
4
51
1
10
2
2
4
0
1
0
1
0
2
1
5
45
3
10
0
0
3
9
2
0
0
0
0
0
35
9
0
9
0
22
3
0
0
0
189
42
1
0
0
0
26
12
2
0
23
0
0
4
0
3
4
0
7
0
1
5
38
14
3
64
5
53
1
6
8
5
6
0
0
1
7
5
5
30
2
115
1
1
3
0
2
1
0
4
5
0
1
0
0
93
0
24
157
26
0
2
0
4
90
16
0
15
1
1
30
18
43
0
1
1
1
2
76
14
9
8
0
0
0
1
8
0
3
0
7
9
0
0
21
0
0
209
2
0
0
1
0
10
21
0
0
0
0
17
7
2
0
8
5
26
0
50
4
2
0
2
1
2
0
1
34
9
22
8
0
3
73
12
7
0
35
129
9
9
0
2
0
2
61
9
2
13
58
1
4
0
30
4
0
0
108
133
1
0
1
0
0
6
4
1
12
8
189
2
0
0
17
68
0
3
0
0
0
5
22
9
51
0
0
33
1
0
51
75
0
12
0
23
0
3
0
0
4
0
5
15
0
2
3
36
0
0
3
1
9
57
0
0
0
3
61
1
0
2
33
28
30
6
7
1
1
26
0
0
2
0
1
9
29
17
4
1
4
0
0
0
0
1
0
5
10
0
0
1
8
20
2
12
8
0
32
3
1
0
1
3
18
1
2
55
49
11
0
6
0
0
0
0
0
35
0
0
11
0
61
11
2
0
16
0
0
12
1
0
9
0
21
7
0
4
45
5
0
0
6
2
5
36
1
10
61
25
24
1
7
7
0
0
0
3
0
2
1
6
16
1
2
15
15
7
20
24
26
7
4
0
1
3
4
1
0
0
8
2
11
3
2
2
0
1
0
16
0
7
1
9
22
8
168
31
0
0
141
0
22
18
90
16
0
2
1
0
30
0
0
22
4
44
5
3
19
1
0
10
283
0
0
1
0
245
3
5
1
0
2
0
12
7
0
0
2
0
1
0
1
2
0
8
0
0
9
3
0
1
10
2
1
0
17
2
1
17
0
1
0
9
0
6
2
1
97
44
0
5
4
0
0
344
0
37
0
2
1
0
0
0
0
0
3
0
7
10
30
1
10
14
6
0
0
0
39
13
9
4
0
14
0
0
0
0
0
45
3
0
5
12
3
1
0
0
0
13
0
0
1
0
0
0
47
6
0
7
3
0
0
0
60
43
0
0
37
0
355
0
38
2
8
0
5
0
2
1
0
14
29
26
1
0
16
77
2
0
0
5
9
0
1
8
1
3
7
0
3
0
0
2
1
0
3
0
4
1
0
18
6
0
0
0
0
2
7
0
11
2
0
0
1
0
45
0
1
0
0
5
0
81
2
2
11
0
0
11
0
0
0
24
0
1
12
0
0
0
0
1
0
2
0
0
0
0
0
62
0
2
0
0
0
0
185
0
0
0
24
1
0
0
0
0
24
1
5
0
67
7
8
13
0
2
0
16
0
0
0
4
5
667
4
0
2
2
2
0
0
69
1
5
1
3
7
1
13
13
1
1
1
0
8
1
16
1
18
0
12
4
18
0
0
0
4
2
1
0
0
0
2
0
0
0
5
0
7
5
3
0
1
1
8
0
0
39
1
8
45
0
0
5
0
1
0
2
1
5
0
162
2
1
5
31
10
3
0
1
0
22
0
4
0
899
2
16
10
0
4
0
1
0
4
0
0
0
41
18
2
16
14
1
47
0
2
5
3
0
0
63
1
0
2
2
39
5
25
1
1
0
0
0
2
45
1
18
4
1
0
161
29
0
0
34
20
2
20
74
0
13
7
1
15
5
57
2
2
38
3
0
3
0
4
8
24
6
0
0
243
7
2
24
0
0
0
1
91
18
2
14
84
0
0
0
8
2
1
4
6
0
0
12
12
0
0
0
1
2
0
1
3
8
1
0
104
0
0
12
0
0
0
0
0
1
0
27
3
3
1
0
2
1
41
1
36
25
16
0
32
0
0
31
60
19
5
0
12
12
2
0
5
1
6
2
8
9
0
0
2
0
1
15
1
54
1
8
10
6
43
19
1
1
5
5
0
2
0
1
1
1
1
1
0
0
0
3
3
0
0
1
1
0
0
1
0
1
12
1
7
0
1
17
16
25
0
3
0
0
0
0
2
107
1
1
0
8
2
0
2
15
0
0
3
0
0
8
2
21
1
2
6
0
3
1
1
1
1
8
2
0
0
1
0
2
0
8
0
1
0
43
0
73
1
0
1
0
0
3
1
13
0
2
3
23
12
19
58
0
1
5
11
0
47
0
13
18
0
9
32
1
5
1
7
0
0
2
4
18
2
1
0
10
5
86
1
76
3
202
8
3
8
27
0
14
0
10
0
0
1
0
0
0
2
6
33
3
0
1
1
0
1
17
12
2
4
2
1
0
0
0
1
33
35
89
7
10
0
5
30
6
19
77
24
101
1
7
12
11
1
18
6
1
1
2
0
4
0
0
0
0
0
5
0
26
78
3
1
1
5
0
57
1
107
6
5
24
1
0
1
210
43
0
0
23
1
1
1
3
36
0
2
0
0
2
0
113
1
7
4
0
15
21
1
0
39
0
2
0
182
11
6
1
6
0
0
25
4
2
0
0
1
1
1
1
17
0
24
0
10
1
2
11
3
0
0
37
77
1
8
1
5
2
0
0
44
15
4
1
6
0
0
0
4
0
3
0
2
8
12
16
0
85
5
75
1
1
1
3
15
0
11
0
22
26
0
0
1
3
0
9
21
0
0
2
7
12
3
20
27
0
83
9
75
1
1
38
0
1
4
0
1
4
28
49
64
8
5
1
4
2
2
0
5
2
7
0
31
29
2
19
15
1
0
3
1
0
2
0
0
0
0
0
0
0
3
141
0
7
0
2
128
22
3
1
0
0
2
11
8
3
4
50
24
1
2
0
7
4
3
2
0
6
4
20
24
34
2
0
20
1
1
2
3
0
0
27
0
16
17
0
8
0
0
8
25
0
2
2
41
59
164
1
0
54
1
1
1
3
7
1
10
6
8
0
0
0
2
0
15
10
0
4
7
0
9
7
15
1
31
113
7
1
0
1
0
0
0
151
1
0
0
3
0
5
0
1
46
48
5
1
0
0
0
1
16
83
0
30
10
35
5
0
28
15
0
4
15
14
20
11
26
4
0
1
110
0
52
0
2
3
3
1
0
1
1
2
0
0
16
16
0
2
0
6
8
2
0
168
5
0
0
1
1
13
2
1
1
50
0
11
8
6
7
1
24
0
0
7
3
24
2
2
3
4
0
3
10
2
2
0
3
2
2
5
0
37
1
28
31
23
0
7
64
4
1
1
58
0
0
59
0
0
44
0
0
0
51
0
104
92
9
11
10
141
2
1
2
0
26
4
5
1
32
4
0
0
3
2
1
225
8
4
1
6
1
0
3
3
12
0
18
1
0
0
5
283
1
16
3
0
15
0
1
8
0
3
10
2
3
15
1
1
0
1
1
1
5
4
0
0
0
3
0
16
18
11
15
0
9
0
2
2
377
0
0
3
0
0
2
0
2
6
80
3
13
69
1
4
1
104
2
1
0
14
6
5
14
0
17
18
4
7
1
0
40
1
129
2
0
44
0
29
204
1
0
22
0
65
0
7
2
3
17
0
0
0
16
2
1
218
1
1
1
0
1
9
0
6
0
0
0
0
4
22
1
139
3
0
3
1
5
1
1
0
8
0
4
0
3
1
1
0
2
38
6
3
31
1
2
2
3
0
1
12
6
0
2
1
18
0
5
5
1
1
1
1
0
1
0
5
7
6
1
2
2
0
9
1
1
6
3
18
25
3
0
0
2
21
1
10
0
1
2
0
0
0
1
2
42
1
2
0
79
2
1
6
138
0
155
3
9
23
2
12
14
4
26
1
11
2
9
19
166
1
0
114
0
0
0
7
103
0
7
0
1
0
24
0
205
8
0
1
16
54
1
0
0
16
4
5
1
0
26
9
2
0
1
0
10
43
3
0
2
1
58
0
16
3
1
0
0
0
10
1
81
36
44
3
10
8
0
0
11
1
0
0
81
1
0
0
1
0
2
58
26
20
4
45
0
17
0
0
2
2
1
4
1
70
110
1
2
0
2
1
0
2
0
16
0
13
80
21
1
0
0
0
101
0
0
14
7
0
4
26
5
17
4
5
14
1
10
1
0
7
0
0
1
0
1
0
18
0
0
10
0
66
0
1
0
52
1
21
47
7
0
0
0
0
0
0
8
0
61
2
15
4
2
0
0
0
17
2
0
14
2
0
1
0
0
1
0
23
0
0
0
2
41
0
0
0
0
2
0
37
27
951
27
0
1
3
63
6
0
6
16
409
2
0
0
0
2
16
135
1
0
0
0
18
4
8
0
23
0
0
5
2
5
1
202
1
0
0
0
1
6
6
2
4
24
7
34
8
1
64
5
3
0
29
1
0
13
46
11
0
18
41
30
7
0
0
4
0
0
2
4
8
62
8
1
32
0
0
0
7
2
2
3
3
0
3
6
18
0
0
64
3
1
1
1
31
6
5
14
6314
0
3
0
2
7178
0
54
24
24
177
1
20
3
0
3
87
4
100
2
1
0
0
36
0
0
4
9
0
0
61
25
0
0
4
63
5
0
32
158
45
54
0
6
5
56
15
0
1
87
21
9
65
1
0
7
2
7
1
0
5
0
0
0
15
0
3
5
1
1
15
316
44
285
2
2
0
3
32
1
1
0
62
0
8
0
3
13
234
17
0
34
2
0
3
1
0
1
0
3
23
1
0
19
0
0
81
4
0
318
1
3
53
0
58
2
3
0
8
0
6
0
0
0
3
0
0
0
0
1
366
0
0
45
0
0
0
0
2
0
2
1
0
0
4
0
0
11
28
49
4
19
11
0
7
51
9
0
1
0
159
1
2
0
0
2
65
3
2
2
10
1
4
0
1637
12
7
5
0
9
17
0
5
5
11
158
2
244
637
9
0
1
5
3
4
0
5
1
4
0
5
0
15
15
1
0
0
20
6
0
0
140
9
1
88
589
2
0
3
1
1
492
26
6
103
0
10
0
1
0
5
0
1
0
0
9
5
1
0
9
1
129
2
2
8
2
2
1
7
4
2
43
5
2
0
17
1
1
0
0
0
1
17
8
0
600
1
5
16
175
0
0
2
0
0
0
10
2
0
5
2
2
3
0
6
2
11
8
0
0
5
11
32
1
1
1
2
0
42
1
1
0
44
0
169
3
0
20
0
72
12
1
1
15
29
0
6
18
6
2
30
1
11
4
2
0
19
6
1
51
1
0
15
74
0
0
0
31
3
0
10
29
0
0
1
7
14
0
0
23
114
20
80
0
4
0
0
12
0
0
3552
0
3
8
38
37
6
0
39
20
0
6
3
0
0
0
255
2
35
25
28
0
0
0
0
1
1
31
0
0
9
168
0
35
3
0
4
0
0
2
14
3
21
1
0
0
0
21
0
4
0
120
6
1
49
3
3
0
168
25
2
0
21
0
0
16
21
0
1
1
6
12
5
1
33
33
1
120
28
2
2
4
1
2
2
9
4
10
42
47
7
2
0
0
167
0
0
1
2
27
0
0
5
0
0
0
0
0
2
0
0
0
0
0
0
1
33
0
0
0
6
6
14
3
1
8
1
22
0
0
213
0
41
0
1
0
1
104
11
21
167
0
0
73
6
29
9
5
3
0
0
7
16
7
0
6
0
1
0
2
2
0
0
15
1
15
0
50
0
4
2
0
0
2
27
32
0
0
0
1
5
2
1
4
0
2
14
109
19
1
3
25
797
3
12
2
0
0
68
3
8
1
6
0
0
0
1
48
0
2
5
0
8
2
0
11
0
0
35
52
0
13
0
25
4
1
0
0
2
0
1
32
91
0
12
1
140
0
1
3
3
0
1
0
2
10
0
0
7
95
8
22
3
1
0
4
39
24
107
58
0
30
13
37
0
0
1
3
0
1
0
0
0
0
4
0
2
36
523
0
0
28
1
64
2
1
0
37
6
0
0
82
2
2
0
1
283
0
0
6
218
2
0
0
0
2
0
6
0
2
3
2
13
8
1
0
0
68
1
1
94
1
0
4
1
2
2
20
1
194
0
1
85
3
4
88
0
18
19
1
2
0
10
6
22
0
22
0
0
5
0
1
5
15
0
1
4
72
8
0
39
0
1
13
6
1899
4
8
1
0
19
16
1
0
2
0
0
4
2
1
0
0
75
5
0
0
0
0
112
0
3
19
4
3
0
4
523
0
0
0
2834
2
0
201
89
66
0
17
12
321
4
2
63
0
2
27
68
147
0
0
6
1
141
29
9
3
2
7
129
3
0
0
4
12
2
21
1
0
0
20
13
0
8
2
11
4
1
2
0
54
5
1
2
0
156
0
0
0
3
17
0
4
6
1
0
11
1
1
0
4
2
0
0
0
3018
0
0
12
0
2
5
67
1
1
8
15
1
8
34
0
58
0
0
2
2
0
30
10
5
2
4
2
10
9
0
358
453
4
3
1
0
110
0
0
0
0
0
0
0
9
3
12
0
27
15
0
0
7
0
85
2
14
0
0
11
24
2
1
26
0
1
0
2
5
0
0
4
2
0
4
102
2
0
4
0
0
0
4
16
3
4
10
8
0
20
0
1
23
15
30
0
7
3
139
4
236
7
0
7
1
0
1
5
7
3
18
0
0
0
2
45
0
8
2
0
1
23
8
0
0
5
0
15
1
2
0
3
0
1
1
0
76
0
0
0
0
0
18
0
0
0
6
0
81
45
0
6
1
1
1
0
0
16
0
26
0
0
611
1
5
54
6
67
23
0
3
0
4
55
3
12
0
67
0
6
6
4
0
0
0
2
0
0
4929
20
2
17
0
1228
0
0
0
0
43
0
13
1
0
0
13
2
1
0
14
3
0
14
0
1
1016
83
0
12
0
0
0
0
27
2
1
0
0
1
7
21
8
0
187
3
12
5
8
1
1
8
13
1003
50
1
3
0
0
0
8
15
0
0
5
0
0
0
2
0
12
1
11
8
2
10
0
4
5
6
0
3
0
16
135
7
0
9
135
0
0
2
1
2
4
4
0
2
0
2
2
8
2
0
6
0
72
0
1
0
2
3
2
0
1
1
20
0
1
6
0
0
0
12
0
0
2
14
21
0
84
0
26
12
4
20
0
46
0
0
0
4
8
5
9
0
1
0
10
10
3
4
20
6
126
0
0
2
0
4
0
8
270
1
1
1
7
39
1
17
1
0
0
2
7
24
0
44
0
5
0
0
0
6
0
2
0
16
344
0
2
0
21
194
6
14
7
2
0
18
1
0
0
12
0
87
0
4
0
3
4
0
0
20
3
1
2
186
132
5
50
73
0
0
65
44
0
13
2
0
39
1
0
1
2
34
44
18
2
0
1
2
18
0
0
0
1
0
35
6
1
89
0
0
1
0
0
2
0
0
8
18
12
3
873
13
17
12
1
2
0
1
0
0
1
3
0
0
1
2
0
0
0
0
0
0
108
3
1
0
1
9
0
1
62
0
69
0
59
2
1
6
0
0
1
1
0
0
0
1
4
0
0
0
1
0
1
0
0
6
9
0
0
1
0
29
69
0
0
0
0
0
0
17
7
3
2
0
0
0
11
0
150
20
40
260
0
6
101
26
0
0
5
0
1
736
43
6
4
0
0
2
12
48
9
1384
0
13
0
0
6
2
0
0
29
0
0
1
2
1
1
0
33
0
22
0
8
0
5
103
73
0
9
0
8
2
4
3
0
3
0
0
1
2
12
2
0
0
17
10
3
698
0
1
0
0
6
44
0
16
8
6
3
0
13
2
2
1
11
2
0
8
0
3
44
16
3
7
19
0
5
3
17
0
4
0
1
0
1
8
19
0
0
6
0
0
0
0
0
19
52
70
21
0
0
46
0
0
1
2
1
0
17
155
1
2
0
0
1
0
85
0
76
2
0
1
95
1
7
4
68
90
1
0
0
1
0
0
2
23
13
0
0
1
51
0
155
7
1
10
4
0
32
0
0
12
6
3
2
1
6
3
0
0
0
10
0
0
0
29
0
20
1
62
2
15
1
0
1
9
1
3
1
69
29
92
0
0
1
0
0
3
1
4
0
0
11
36
2
2
1
9
2
0
1
0
20
6
1
8588
4
0
1
3
46
1
0
21
10
17
2
3
0
0
1
1
7
1
79
0
56
0
40
4
2
0
9
0
32
2
0
19
33
1
71
0
4
0
1
17
1
3
73
13
0
0
3
5
0
3
27
22
0
0
0
96
1
2
4
1
0
1
13
25
14
5
11
0
1
13
0
3
2
0
15
0
14
0
2
0
1
0
0
10
2
0
6
4
5
1
7
0
0
1
7
5
0
125
6
13
2
1
11
3
6
0
1
0
1
10
17
0
2
7
6
0
0
1
34
0
21
29
31
0
0
19
64
0
15
624
2
9
25
10
0
29
1
3
0
4
1
2
6
6
4
20
4
0
3
3
1
16
5
0
28
0
0
4
17
4
14397
0
0
28
12
2
69
2
0
7
0
0
24
23
16
0
0
2
1
2
28
7
0
12
1
9
7
1
0
1
1
10
8
3
1
1
0
2
31
323
6
0
15
1
7
0
0
0
10
1678
2
7
0
0
73
0
4
12
1
15
170
21
3
0
6040
1
0
5
0
0
1
0
0
0
0
41
1
3
1
0
0
0
7
1
22
7
0
3
3
7
12
0
9
5
1
12
0
0
26
28
11
0
18
0
0
76
2
2
1
0
1
66
0
0
0
3
5
0
0
3
1
0
0
0
0
6
0
0
5
10
0
0
0
9
0
36
0
19
1
26
7
13
22
0
3
0
6
0
6
4
31
22
0
0
1
1
0
4
0
24
1
1
2
10
2
8
66
1
9
0
0
18
15
0
4
1
1
0
5
34
0
29
62
15
0
0
0
0
2
1
2
15
8
12
0
2
0
0
7
56
0
0
0
13
0
3
116
0
0
14
2
21
2
1
3
92
2
71
0
0
0
0
14
0
872
2
1
0
1
0
1
1
0
0
2
32
11
6
1
12
18
0
0
0
12
0
0
1
138
0
1
12
5
3
23
3
1
0
0
15
29
0
4
3
45
6
11
2
0
1
0
18
0
2
2
22
1
1
643
44
0
20
1
21
81
1
7
1
0
1
81
4
5
0
51
1
0
0
0
152
0
39
4
1
0
0
0
0
28
5
1
5
3
0
0
0
81
2
0
8
0
1
0
1
11
5
0
8
258
3
4
26
0
0
1
209
0
0
0
0
1
5
11
1
3
6
5
83
2
256
7
20
0
11
3
2
0
1
0
19
6
2
41
92
0
0
0
1
0
1
0
0
0
0
10
12
0
1
12
0
0
39
0
17
25
22
0
0
0
0
0
0
0
0
58
0
0
2
0
13
8
12
17
0
28
0
0
0
0
0
4
237
0
0
0
3
0
3
14
0
0
0
1
0
115
0
1
52
0
1
2
5
0
11
14
0
1
0
0
3
2
0
10
9
5
0
0
8
0
517
7
3
1
382
3
0
20
6
34
47
0
11
0
16
5666
1
0
0
3
149
14
1
25
2
0
1
0
1
3
1
0
0
13
13
26
5
0
1
0
0
2
4
0
0
0
0
10
2
0
10
8
49
49
29
4
0
2
6
0
0
0
0
6
0
101
20
5
2
1
1143
26
0
1
0
0
31
0
61
25
1
8
0
2
5
0
0
0
0
6
0
0
2
0
0
0
0
0
2
1
17
0
0
0
19
56
8
0
0
2
0
0
0
0
98
0
0
34
14
1
1
9
47
0
0
0
0
1
40
113
2
3
0
3
10
2
0
6
0
8
0
13
0
116
16
2
0
0
8
3
27
8
20
1
0
1
0
7
0
0
0
624
14
3
3
9
1
26
1
0
3
2
75
0
2
2
1
0
9
0
0
3
17
1
0
0
3
0
109
0
0
0
5
0
2
0
3
0
1
1
7
0
4
3
7
12
7
0
10
53
0
0
0
1
4
1
1
3
0
2
0
4
5
0
1
0
2
9
1
11
3
35
3
1
2
13
44
1
0
1
3
2
10
0
39
6
0
171
20
0
0
268
1
0
1
1
5
1
3
2
0
0
0
25
1
4
0
0
0
19
408
0
18
3
0
5
0
0
2
2
59
8
0
0
1
0
14
21
0
0
30
14
7
17
1
2
47
109
60
1
7
0
0
6
3
15
0
1
1
3
0
0
94
1
5
1
0
0
1
1
1
11
4
2
0
475
25
1
2
21
105
8
0
0
23
1
31
0
0
47
156
1
1
7
1
0
41
0
0
0
7
241
3
1
1
0
0
0
0
4
5
5
0
160
1
0
5
31
1
0
1
0
25
13
2
5
53
1
0
20
0
0
0
11
8
41
16
0
66
0
0
38
6
4
6
0
0
4
0
0
3
15
3
6
76
5
0
28
0
0
10
9
2
0
3
3
12
1
27
4
4
583
0
0
138
4
0
4
1
0
0
5
1
28
3
0
3
12
0
11
2
8
31
298
0
19
93
6
0
57
9
2
26
44
143
12
2
0
0
23
1
1
42
2
1
0
0
0
1
36
0
9
0
49
15
0
0
24
95
2
5
52
2
2
9
11
3
1
11
4
0
2
11
11
1
9
2
0
0
2
5
0
0
38
4
96
0
1
4
0
1
2
307
0
1
39
0
1
0
0
3
1
0
0
0
1
1
1
9
3
71
3
4
0
6
56
3
0
1
0
0
11
129
2
1
159
4
0
16
0
1
1
0
12
0
69
0
2
0
0
0
22
29
21
5
0
1
2
0
0
0
2
0
0
0
0
0
2703
87
0
0
3
3
2
23
0
0
11
1
37
1
1
891
1
1
1
7
7
3
55
0
0
0
40
0
0
0
2
0
61
37
0
0
3
5
42
58
1
11
0
87
3
1
3
22
1
2
5
7
1
2
0
0
3
264
2
8
0
0
1
1
13
16
0
0
18
0
0
9
0
0
24
0
25
0
13
16
0
10
3
7
17
55
2
0
11
4
27
0
5
6
761
2
3
0
11
1069
40
1
0
0
1
0
0
0
15
13
14
1
0
2564
34
3
84
6
0
15
0
214
0
3
4
0
0
0
0
1
0
39
276
0
0
11
0
0
2
14
0
0
0
15
82
5
5
17
0
1
4
0
0
1
6
1
0
2
0
0
51
74
1
19
8
2
0
87
0
4
579
0
0
7
0
2
0
9
5
1
0
33
0
0
1
2
1
1
0
1
2
0
0
47
74
0
2
0
200
1
0
0
17
0
1
2
74
2
0
0
0
0
0
1
0
6
6
10
13
0
13
159
0
0
1
0
8
0
1
3
22
0
4
1
5
4
0
2
0
5
1
0
7
2
11
1
33
0
0
0
0
12
0
3
9
37
2698
0
6
6
0
0
23
11
65
11
0
20
0
10
2
218
4
4
17
6
98
1
14
0
32
55
29
3
87
220
7
7
0
0
6
49
18
11
0
0
268
1
6
0
0
0
8
2
0
188
4
9
20
0
3
0
27
6
2
0
54
0
21
0
0
20
76
1
13
0
5
0
1
2
1
1
34
0
33
0
0
43
0
17
37
4
0
1
1
0
0
0
7
1
5
6
8
5
15
0
0
0
28
1
0
0
0
1
73
4
0
8
1
1
3
6
0
2
0
0
1
21
1
1
0
286
299
0
738
6
0
1
0
0
2
30
6
418
23
0
0
1
5
7
7
0
37
19
13
0
2
0
3
5
4
4
4
0
7
0
0
0
0
0
3
0
28
0
0
0
8
2
0
0
16
17
11
2
0
0
4
2
1
0
0
14
494
28
1
7
0
5
0
0
0
0
2
0
0
2
1
1
1
10012
0
10
0
8
13
47
1
8
24
12
0
65
0
0
0
0
15
2
0
7
1
0
97
1
3
80
1
3
17
4
26
7
1
0
0
0
3
0
4
2
4
8
0
13
3
1
0
56
0
1
9
5
0
0
1
0
3
4
5
0
32
0
0
0
4
29
0
0
132
0
678
0
22
2
0
2
0
1
0
0
0
3
18
108
34
23
1
0
0
8
1
0
843
556
4
7
69
31
0
6
0
0
6
0
0
1
0
0
0
1
9
1
1
0
6
0
169
0
37
73
7
1
0
17
1
9
11
14
1
5
0
1
2
0
3
118
1
0
0
0
0
0
0
3
0
0
13
4
0
0
84
4
0
2
18
12
0
1
1
0
431
0
2
0
0
0
1
22
0
2
1
0
0
6
0
0
0
5
0
0
0
0
2
33
0
0
21
33
0
1
7
23
0
0
431
0
0
10
92
0
0
0
426
11
12
0
0
0
3
1
1
1
0
11
0
0
6
1
85
0
54
0
0
178
0
0
0
5
0
1
1
0
54
2
3
31
3
0
0
1
0
0
68
8
8
3
533
0
26
0
5
6
3
31
0
0
0
1
14
1
35
5
53
0
28
311
1
1
0
0
0
2
53
4
0
66
0
1
2
0
6
21
0
1
0
3
0
6
17
0
0
0
359
0
6
3
0
0
8
0
1
7
0
26
0
0
15
0
0
8
0
5
2
0
2
0
0
10
0
0
0
23
1
303
3
0
36
0
3
225
1
2
0
65
0
0
0
8
0
0
1
13
42
1
30
0
1
0
5
0
0
40
6
13
0
20
0
53
1
91
6
0
2
1
0
5
2
2
2
0
0
46
0
6
21
0
0
4
8
28
0
0
2
3
126
0
0
0
2
0
0
0
0
0
18
81
1
4
2
4
4
1
0
0
0
2
0
112
0
0
3
21
22
0
0
18
0
0
55
0
41
21
18
425
0
0
0
0
0
0
2
18
1
27
2
26
2551
8
0
4
90
32
42
0
0
3
4
1
43
16
0
0
0
0
7
0
0
0
7
44
1
0
9
14
64
0
0
0
3
19
0
6
0
0
0
0
0
0
7
161
33
0
2
0
0
0
0
8
2
0
16
37
0
9
7
3
66
1
10
0
24
0
13
1
0
0
8
74
8
21
7
0
8
0
33
5
2
18
13
2
10
0
0
0
0
0
3
7
10
8
0
2
50
1
0
0
0
49
4
59
2
20
10
6
11
0
45
45
14
68
0
6
0
0
0
0
1
3
0
19
0
0
33
0
321
0
0
38
7
0
0
0
0
0
0
0
0
86
19
24
1
0
0
0
0
0
0
2
0
0
10
0
0
576
105
0
23
0
0
1
14
0
7
1
3
23
12
43
9
18
3
0
0
0
2
39
12
0
0
6
1
0
18
0
0
0
1
0
0
0
0
280
0
0
0
75
6
3
28
14
0
0
0
0
0
0
22
28
0
0
53
12
1
1
7
23
0
0
628
0
0
0
1
29
1
0
2
0
1
41
5
0
1
2
2
83
7
0
9
1
0
0
0
10
0
0
41
0
0
5
0
0
1
0
0
0
0
0
0
0
1
0
11
0
10
0
11
2
6
5
0
0
0
2
0
10
2
13
0
22
0
0
110
10
2
313
5
3
0
0
0
2
1
0
46
0
58
0
0
0
0
0
0
0
4
0
0
0
0
0
132
2
0
0
1
0
37
0
4
46
1
42
1
0
2
2
0
2
0
2
208
14
0
0
0
1
14
0
0
0
0
0
0
6
15
9
11
66
5
1
0
6
2
90
9
0
1
0
1010
0
1
31
0
1
43
0
18
42
53
1
1
8
0
14
0
0
20
0
0
19
1
5
1
26
0
0
0
0
0
4
5
2
2342
0
5
0
0
21
0
0
229
0
0
21
3
1
52
0
0
62
0
0
73
1
0
1
6
0
2
4
54
11
12
0
0
0
0
0
216
0
0
0
3
0
4
5
34
0
20
16
76
13
3
0
2
94
0
12
0
0
14
113
139
0
0
0
8
9
1
2
0
28
4
34
8
298
0
0
9
0
0
2
8
89
1
0
0
40
85
0
10
9
1
5
12
0
0
465
0
0
0
0
2
45
2
1344
0
0
4
2
0
25
0
0
6
7
20
17
22
0
1
0
7
0
0
3
0
0
0
5
1042
6
0
0
0
141
1
1
39
2
0
0
0
6
0
0
155
0
161
6
0
0
0
0
0
0
4
0
3
21
1
0
0
136
0
0
59
73
54
1
261
31
2
3
14
16
2
1
5
0
0
1
56
6
0
26
0
1
2
0
0
9
1
1
2
4
0
0
0
26
11
1
141
0
0
313
233
2
0
1
0
0
3
0
2
1
5
0
314
3
0
0
0
0
1
5
0
1
1
38
1858
48
28
0
5
71
2
1
14
0
5
0
8
0
6
0
1
3
5
1
4
2
0
0
13
0
0
0
1
0
102
5
0
10
16
1
2
0
31
1
179
0
56
39
3
0
0
0
0
0
7
64
1
25
3
2
15
0
2
0
0
0
0
11
0
1
0
0
0
48
2
2
50
0
0
27
6
694
8901
5
0
18
50
0
16
0
0
10
41
15
3
0
67
376
0
0
5
2
1
19
118
213
2
9
12
1
0
0
13
8
2
1
0
0
13
1
0
2
0
1
11
0
2
0
0
84
14
46
2
42
10
24
41
1
1
0
1
4
0
1
41
2
0
0
0
1
0
0
0
0
39
0
73
4
5
45
15
1
67
6
0
50
0
0
1
4
0
5
0
4
0
0
1
0
4
0
0
3
0
84
0
11
3
12
0
0
1
137
17
8
34
0
0
0
0
13
12
0
0
0
0
4
0
0
6
0
53
0
0
0
8
5
0
0
0
0
2
36
0
57
7
0
0
0
113
1
3
6
2
0
2
0
5
0
1
0
0
0
2
0
0
1
0
5
1
0
32
1
0
3
0
7
0
13
7
76
0
7
193
6
4
17
0
0
6
1
0
0
0
6
54
26
1
0
6
1
45
13
0
0
0
0
11
7
3
0
4
43
0
1
1
0
1
1
0
6
0
0
0
1
6
22
5
45
0
0
0
0
0
0
1
2
0
0
69
10
3
16
126
1
0
0
0
1
0
1870
56
0
1
0
0
0
6
32
0
0
0
11
39
5
0
2
0
0
0
0
2884
0
0
0
44
14
0
3
29
3
0
486
26
0
5
1
10
0
1
0
0
10
128
0
2
30
22
1
5
0
0
519
2182
1
0
0
0
0
679
40
29
0
11
0
4
6
0
34
3
11
1
0
0
4
0
0
9
0
54
0
0
0
0
49
0
0
0
0
0
0
5
0
9
6
0
0
3
5
3
12
0
3521
1
0
0
0
100
11
16
30
0
0
0
7
2
0
0
9
11
9
19
1
0
0
6
0
13
3730
0
0
5
0
3
5
16
9
20
0
0
4
0
1
3
1
0
6
0
11
2
0
0
307
2
0
10
3
0
0
0
0
67
0
0
3
27
13
106
5
0
0
5
9
0
2
7
0
0
0
0
0
2
0
1
9
0
289
0
35
4
2
0
29
4
17
0
1
4
6
2
23
60
4
0
0
17
25
0
0
0
0
0
26
0
44
38
9
71
0
16
13
22
19
0
31
0
29
1
0
0
0
99
0
0
0
2
0
0
2
0
7
0
0
0
10
0
0
15
0
6
0
144
0
0
116
0
1
2
0
2
115
1
0
10
0
0
0
0
1
0
0
0
0
0
0
172
0
3
0
0
0
0
1
26
0
0
0
0
43
0
98
35
0
4
6
0
0
3
21
0
1
0
0
0
0
4
1
5
0
0
17
2
60
1
0
3
1
0
1
29
3
2
79
4
0
1
0
4
28
0
0
1
2
8
2
1
0
0
0
0
0
54
0
0
2
0
0
2
1
18
491
0
7
33
2
0
1
1
0
9
0
36
0
1
1
29
0
45
0
0
3
0
98
0
3
0
5
20
27
0
1
3
35
0
61
0
0
0
16
12
0
2
1
2
0
39
554
1
47
9
1
71
1
3
100
4
14
50
10
11
0
4
0
0
55
0
1
0
0
18
14
0
1
0
1
1
0
39
0
0
345
1
79
1
0
13
233
77
3
0
2
2
1
2
148
0
0
8
0
2
0
1
0
0
1
0
0
0
0
169
1
0
0
0
0
305
8
2
8
0
0
0
58
75
1
11
0
1
31
0
0
16
0
61
0
0
0
24
16
0
7
0
4
53
2
0
21
4
0
0
2
0
0
0
0
2
0
26
7
9
6
1
0
910
28
3
2
1
3
3
0
4
0
51
3
5
0
70
0
24
20
0
7
1
4
0
0
8
0
1
0
12
0
0
0
25
0
0
23
1
77
4
5
67
0
1
0
3
0
0
0
0
45
222
42
0
0
5
0
0
3
4
1
0
0
21
21
26
3
0
1
3
0
0
2
8
0
15
17
41
108
0
12
1
0
29
0
0
95
0
0
0
1
2
0
0
0
53
0
8
0
0
0
1
0
7
0
0
134
0
1
6
1
12
19
70
0
0
216
22
0
0
30
0
0
10
0
0
0
19
150
9
77
25
0
0
11
1
3
8
2
0
11
0
1
2
0
0
52
131
0
37
0
6
0
6
64
335
1
0
0
0
0
3
0
0
0
1
1
0
0
1
1
295
8
4
1
0
30
7
0
4
36
1
0
3
0
1
0
20
5
55
1
60
33
9
0
74
0
41
247
1
0
1
32
8
65
0
16
2
2
0
0
0
15
5
6
1238
2
40
0
0
3
0
6
0
0
0
0
0
30
1
0
136
0
1
0
1
0
7
0
0
0
252
0
54
1
1
3
591
0
410
234
1
17
2
6
0
7
2
26
0
3
0
0
0
2
7
22
6
0
0
14
0
0
0
0
0
0
0
10
0
0
1
7
0
3
0
0
4
1
8
1
8
0
0
0
14
0
6
0
0
11
471
0
0
3
0
22
2
0
0
0
0
65
17
0
2
0
0
6
78
18
3
0
3
0
0
21
0
0
0
0
0
0
7
0
0
18
23
1
3
0
6
11
0
0
7
20
20
284
0
0
0
16
7
0
2
0
0
0
0
0
2
17
0
0
2
8
2
68
2
6
0
2
50
176
0
1
13
4
1
4
0
0
0
1
0
1
0
2
0
0
57
57
23
0
3
3
2
354
17
0
16
439
1
2
0
0
0
0
0
0
25
5
0
1
27
6
85
0
47
0
0
3
3
0
3
1
9
0
10
16
0
0
51
18
13
3
5
0
0
0
0
1
12
10
98
0
1
0
0
0
1
12
0
0
0
0
4
62
0
1
29
1
0
26
5274
0
9
6
42
17
447
75
3
54
0
5
1
6
12
0
0
2
0
0
29
0
247
0
0
8
0
0
523
0
15
0
0
2
4
2
0
0
0
0
50
0
1
4
0
71
0
4
0
5
4
6
0
0
2
0
0
0
0
0
1
0
17
0
0
184
0
0
6
0
2
3
1484
3843
0
0
16
1
4
2
2
41
1
5
0
1
30
45
2
0
0
8
1
0
10
4
0
0
0
0
0
0
0
0
0
0
0
0
9
0
0
5
0
96
4
32
0
0
14
0
0
0
1
0
3
0
0
0
0
7
0
0
0
2
3
14
21
1
2
9
0
0
36
0
0
6
2
49
0
1
0
332
0
0
30
5
0
0
0
3
0
41
1
1
0
0
34
1
10
0
0
7
7
2
1
0
1
1
0
2
2
0
2
0
4
0
1
50
12
1
0
0
0
0
0
5
17
0
3
3
9
3
9
16
13
7
4
4
1
47
10
2167
0
2
110
202
89
47
0
5
1
10
0
0
0
0
20
0
45
1
39
24
0
58
5
0
3
0
95
0
0
0
4
1602
1
0
0
5
0
0
36
2
2
6
0
1
17
15
1
2
0
5
14
4
0
5
0
1
13
0
96
0
0
0
0
0
4
0
0
2
1
0
0
12
0
0
0
0
132
21
16
4
4
0
0
0
2
0
12
28
82
1
2
5
0
1
0
0
0
3
15
0
0
0
0
0
0
0
0
5
6
166
222
2
0
0
106
33
0
0
243
3
152
0
8
6
0
0
1
149
0
19
0
14
0
0
0
1
11
1
5
0
0
0
0
0
78
16
80
7
0
64
0
2
0
0
10
65
10
0
87
60
0
10
11
4
0
98
0
0
0
0
6
2
22
1
548
19
19
0
3
0
0
10
174
2
3
1
0
0
3
84
0
7
2
0
0
286
1
3
14
416
0
33
0
0
3
0
16
168
0
28
1
0
0
0
6
126
0
0
6
26
1
1
0
1
0
0
77
0
1
22
1
3
0
2
67
0
164
34
0
0
0
0
17
0
2
0
0
2
4
0
467
1
0
15
1793
0
52
12
0
0
2
0
0
2
149
0
17
0
0
6
8
14
10
0
0
3
0
1
70
8
3
0
0
0
208
0
0
1
0
5
3
121
112
0
3
0
4
4
15
0
2
0
11
2
2
7
7
1
0
43
10
0
0
0
0
45
47
57
0
0
2
7
0
17
1
2
54
0
11
4
5
0
39
2
2
0
18
1
0
4
0
1
1
43
3
34
1
0
5
0
0
592
0
0
10
1
30
3
10
0
2
0
2
0
21
1
0
21
2
7
22
4
4
41
3
5
0
12
0
19
0
53
0
21
0
3
0
11
0
1
13
8
2
14
27
26
1
16
0
1
0
14
5
54
57
9
0
31
1
0
0
6
0
13
1
0
52
15
10
1
0
2
1
21
0
0
0
405
11
2
0
0
0
6
0
2
0
0
0
95
4
6
0
0
0
60
3
0
3
5
2
0
0
8
4
7
0
0
0
0
123
0
3
2
6
7
120
1
10
6
1
7
36
4
1
0
0
0
1
0
14
19
4
14
0
0
0
2
3
0
0
0
25
0
5
248
0
350
1
7
2
0
0
10
0
0
4
20
18
448
0
0
0
6
9
3
2
6
0
2
3
3
0
0
9
0
9
0
4
12
19
2
0
0
306
2
4
9
1
0
54
0
10
0
5
16
0
0
600
0
2
6
0
28
6
12
0
4
73
56
7
0
0
3
3
3
2
0
10
0
7
16
2
0
0
12
2
89
0
0
0
0
0
28
0
35
2145
18
24
0
0
2
12
10
64
1
27
5
1
2
3
159
549
24
30
0
0
1
0
0
0
0
45
0
11
0
9
2
109
0
13
0
16
0
0
0
14
0
0
0
2
0
0
4
28
0
0
40
14
6
5
1
0
55
0
274
6
2
0
0
0
0
0
1
46
10
3
5
1
5
0
0
6
21
2
5
0
0
2
0
6
0
8
250
0
7
1
9
0
0
1
6
10
0
0
6
0
0
0
30
0
3
1
2
0
0
5
0
1
6
2
47
0
0
2
0
22
20
7
20
12
4
3
0
0
0
0
6
0
0
14
11
0
4
0
59
0
0
4
0
2
39
100
0
40
10
114
138
0
19
824
0
0
6
499
19
0
0
0
0
3
9
0
68
4
0
35
0
0
0
5
1
12
2
2
59
2
10
0
0
128
2
3
8
193
51
11
0
2
15
24
23
2
8
42
17
0
238
0
93
0
0
0
0
0
4
1
155
0
5
17
0
0
0
3
4
20
186
1
0
6
0
1
2
0
30
0
0
36
7
40
10
0
27
57
12
7
41
3
0
28
0
3
1
4
26
4
27
0
119
0
1
8
0
1104
0
0
3
1
101
0
0
4
25
7
3
55
75
8
0
1
32
21
7
76
5803
6
0
18
0
0
0
1
18
0
0
2
2
5
7
26
14
68
5
175
25
2
0
2
3
838
230
3
1
0
3
47
0
153
2
3
2
0
4
1
24
20
2
27
0
5
13
0
2
131
43
0
0
2
26
0
10
7
17
0
440
96
1
0
3
152
2
0
0
1
0
324
0
0
1
14
3
20
0
0
2
7
1
5
1
13
2
1
7
4
4
127
0
7
45
16
4
6
1
16
0
571
2
0
0
0
46
18
21
0
0
9
0
4
3
0
0
8
227
61
0
251
3
10
30
380
4
42
4
0
2
4
0
0
6
351
10
0
6
35
18
179
2
21
44
1
42
1
1617
619
0
1
0
89
1
13
16
0
364
5
15
13
0
33
28
155
2
0
40
0
0
0
25
0
13
0
28
31
74
29
7
55
151
1
96
135
0
2
0
98
32
0
20344
1
5
17
11
10
0
3
17
7
0
46
0
1
3
366
4
20
111
41
0
0
3
1
4
27
182
0
0
0
14
15
74
0
2
120
136
8
300
0
0
106
2
429
0
3
11
0
2
30
0
14389
0
0
1
39
7
6
0
2
6
663
0
5
4
0
0
39
1
10
9
1
1
24
0
0
28
28
9
0
11
0
0
1
0
3
0
27
44
0
5
1
5
6
4
0
2
0
8
0
0
8
197
0
0
15
0
0
0
1
9
1
0
1
0
3
1
1
1
0
0
14
204
0
2
0
0
0
10
0
0
5
0
57
70
0
2
22
0
0
1
2981
1
0
5
0
0
0
0
0
24
6
0
1
0
1
39
6
19
0
6
33
1
0
0
0
0
0
31
24
5
8
15
23
0
1
18
42
385
0
0
0
10
1
0
47
7
1
87
65
2
0
27
0
49
2
1
15
4
1
2
87
3
0
3
4
0
6
3
0
0
0
144
8
64
6
43
180
1
16
231
34
29
11
1
20
0
31
15
0
1
12
0
10
0
0
0
3
4
163
7
18
0
57
35
297
0
3
32
3
3
0
8
0
10
0
0
0
0
0
2
117
0
4
0
23
0
3
38
7
32
6
6
2
0
18
1
0
0
0
26
27
6
21
24
0
1
10
0
1
1
2
11
139
0
0
0
2
0
32
10
12
0
0
21
20
40
23
1
11
1
0
0
10
11
11
276
0
1
6
2
7
0
238
12
0
2
711
0
0
61
180
4
2
927
0
21
0
4
0
211
0
0
7
0
8
4
0
0
83
3
25
0
128
138
0
6
2
279
109
7351
0
40
0
0
0
1
7
13
5
13
3
0
0
58
0
35
3
9
135
0
0
57
1
28
0
557
120
0
0
0
0
1
9
0
0
1
13
0
0
111
36
63
3
4
1
0
67
1
0
62
0
4
0
105
554
0
0
0
1
0
138
6
0
0
94
0
0
0
0
219
2
2
0
17
0
6
2
172
5
10
0
95
3
1
3
0
6
1
10
14
0
0
164
54
1
14
131
1
13
80
0
5
0
4
31
0
7
0
0
81
8
484
265
0
2
1
22
0
0
6
0
19
22
4
0
48
5
49
102
0
8
31
0
2
0
0
173
179
0
4
1
11
0
5
7
3
460
0
1
153
101
26
2
20
3
15
3
0
0
1
7
2
53
61
207
4
0
4
224
105
6
0
0
259
1
2
1
0
4
1
0
16
17
0
48
7
0
74
0
11
0
23
76
1
80
103
0
0
3
2
5
294
68
9
2
4
230
8
3
36
3
31
0
3
3
0
1
1
0
18
0
11
495
2
31
14
0
15
11
106
457
6
22
0
3
62
1
77
3
4
23
2
0
27
3
0
115
98
0
4
0
2
1
1
0
0
2
17
0
15
0
0
13
6
6
0
23
2
21
11
2
330
0
2
0
3
37
59
0
1
4
0
1839
0
0
7
0
1
1
14
84
0
0
1
0
1
25
2
0
18
0
29
0
23
1413
11
0
9
12
2
0
0
222
1
9
0
18
1
29
54
0
21
0
1
35
8
3
0
0
0
5
15
0
2
2
1
0
5
0
5
9
1
3
2
9
34
4
51
0
1
4
2
9
5
4
0
0
0
2
7
57
1
0
0
0
0
147
0
0
1
6
2
0
4
2
51
371
3
5
64
2
0
4
2
10
0
11
0
123
9
11
8
2
7
5
27
1
34
0
36
43
3
2
3
47
23
43
45
4
76
0
0
35
0
0
60
181
52
71
2
0
0
9
17
0
12
8
0
0
1
7
0
0
16
0
1
3
0
3
47
7
0
0
24
21
0
0
0
0
0
0
1
86
1
15
0
8
16
5
12
3
0
3
0
0
13
9
0
47
54
233
0
35
1
130
7
0
119
3
4
0
103
38
0
0
1
14
13
6
62
0
4
1
0
0
0
3
88
0
5
1
120
2
5
0
1
0
0
4
59
0
2
0
3
0
286
6
8
2
0
0
2
4
1
0
7
9
1
4
0
0
5
24
0
13
2
0
9
0
22
11
4
22
9
58
1
3
28
133
4
133
19
2
0
255
2
0
4
3
0
28
0
0
0
0
0
0
24
1
0
0
0
24
0
19
126
2
0
0
0
0
6
90
1
6
0
1
5
1057
0
2
0
14
6
1
10
0
0
2
46
15
36
0
0
0
1
0
7
4
1
6
1
8
1
2
0
2
63
0
6
0
372
7
3
0
60
0
1
0
0
2
0
0
0
0
2
3
1
35
0
0
22
0
2
2
0
39
0
7
37
33
0
1
1
0
0
0
4
0
4
13
51
0
41
0
279
0
0
0
0
14
2
0
0
1
1
1
0
12
8
2
0
1
2
2
0
0
58
1
20
2
0
10
1
2
0
1
0
0
2
16
0
111
87
0
3
0
240
0
8
58
65
0
104
3
0
1
1
0
30
4
2
1
58
0
2
0
0
3
0
1
1
6
0
0
0
6
0
26
0
0
0
0
21
15
0
9
9
0
0
18
10
33
0
131
2
5
6
0
4
0
2
1
1
13
0
7
1
1
0
0
0
0
1
0
2
0
0
6
0
0
0
0
2
0
17
2
0
0
1
0
1
1
0
118
0
0
2
0
0
79
0
0
0
0
0
1
56
0
2
4
22
0
8
2
27
1
0
258
0
1
0
0
0
24
2
0
4
1
2
1
4
0
2
4
7
0
1
1
171
13
0
0
3
8
12
0
0
0
0
2
0
8
26
29
4
0
0
4
0
15
0
8
1
0
10
3
0
0
1
3
37
1
0
8
1
22
2
66
51
57
0
0
46
0
0
1
32
8
0
0
2
2
0
198
1
32
0
4
8
0
0
21
44
28
0
0
2
2
0
0
1
48
481
1
1
0
23
0
20
0
1
0
0
0
3
3
0
10
26
253
1
0
2
6
0
0
1
9
21
0
0
1
0
4
6
6
0
0
0
23
2
0
0
1
0
1
0
0
1
1
26
0
13
1
37
0
0
1
26
0
10
0
8
2
0
2
1
9
34
22
29
52
0
6
0
0
155
0
8
0
0
133
3
0
1
2
15
208
0
0
9
139
26
0
0
143
3
0
1
19
0
0
0
0
1
0
0
6
160
0
0
0
0
6
15
2
1
0
4
20
5
0
9
248
15
0
0
18
0
62
0
0
558
64
4
4
0
9
0
0
23
28
1
28
6
6
0
0
653
0
0
3
31
0
30
600
24
80
0
2
1
0
66
0
0
5
0
43
7
0
1
0
109
4
34
14
0
1
2
87
4
4
6
8
3
1
33
31
5
81
1
4
6
24
37
1
3
15
1
1
0
24
3
1
15
2
