148
29
7
275
1
9
1
1
92
4
6
6
30
1
24
5
2
4
0
1
0
1
0
0
8
5
62
10
9
0
0
19
22
2
8
3
0
0
0
35
13
0
8
0
58
9
0
0
0
232
42
0
0
0
1
41
22
2
0
23
0
0
4
0
6
3
8
7
0
1
6
44
17
19
30
11
705
3
6
14
4
6
0
0
2
2
35
5
26
2
54
1
2
14
21
2
10
0
13
10
0
7
0
0
152
0
35
26
51
0
7
0
4
120
15
0
36
10
16
33
48
72
0
1
1
1
1
70
29
8
7
0
0
8
6
10
0
8
0
7
32
3
0
41
0
5
346
2
0
0
22
2
20
21
0
0
0
1
14
10
8
0
22
2
16
0
96
5
9
0
2
1
0
0
2
14
15
40
102
0
5
10
1
35
5
145
165
9
10
0
3
0
2
2
6
2
18
384
2
4
0
38
8
0
3
111
460
1
0
1
0
0
10
4
3
31
99
24
2
0
8
89
75
2
25
10
0
0
26
62
3
3
0
0
50
1
5
20
68
0
17
0
207
5
2
0
12
5
0
6
19
0
37
6
8
0
0
2
5
12
13
0
0
0
2
47
4
0
2
273
109
32
36
7
4
1
142
0
10
6
0
5
6
48
17
2
1
3
0
0
0
0
1
30
5
40
3
0
1
13
21
6
27
9
1
64
3
1
0
1
0
24
1
2
89
152
13
0
12
0
0
0
0
0
59
1
0
20
2
130
16
2
0
3
4
0
62
2
1
7
0
280
7
0
4
44
11
0
2
9
0
31
35
1
5
80
25
15
2
147
7
10
0
0
9
0
2
1
0
22
1
5
21
20
35
47
24
33
7
4
5
9
3
4
7
0
0
16
6
13
0
22
4
9
1
15
16
0
6
1
9
23
22
371
33
25
0
5
0
62
23
65
27
5
3
1
0
82
1
0
11
2
65
6
7
123
1
6
85
13
0
0
3
0
0
34
10
1
3
2
2
24
9
0
0
2
1
1
1
23
15
0
18
0
0
19
3
4
1
7
51
1
0
30
2
1
22
0
1
0
9
0
7
2
2
95
172
0
10
16
0
1
182
10
37
0
10
1
0
0
0
0
0
8
0
7
13
27
1
8
3
0
0
0
0
6
0
16
2
6
117
0
0
0
0
0
40
14
3
27
17
3
4
5
0
0
13
1
0
3
0
6
0
40
2
0
13
2
7
0
0
80
65
15
0
6
5
500
0
62
4
18
6
14
0
2
2
0
22
93
79
1
0
4
71
2
0
4
7
9
0
1
9
1
4
0
0
3
0
0
7
3
0
14
0
14
1
6
9
9
0
0
0
1
4
17
0
49
1
0
0
4
0
41
0
1
0
0
16
0
140
3
6
18
4
0
12
0
0
0
53
0
9
13
0
4
0
0
3
0
4
0
0
0
0
0
124
0
14
0
0
6
1
261
3
0
0
41
7
0
0
1
0
38
6
5
0
83
19
14
17
0
2
0
16
13
5
0
12
5
2
4
0
13
8
7
1
0
13
1
7
13
23
2
4
63
13
5
1
1
0
11
1
23
1
14
0
30
10
26
0
6
0
4
2
6
27
0
0
1
0
1
0
17
0
2
22
6
0
1
3
12
0
6
90
3
23
6
0
0
11
0
5
0
0
4
5
0
244
1
1
7
49
16
13
1
1
0
49
10
16
0
124
5
61
101
0
6
0
1
0
6
0
0
4
61
29
8
15
48
1
49
0
3
7
15
20
0
91
1
0
51
51
218
17
25
21
20
0
0
0
4
39
1
6
4
1
0
150
10
0
1
51
46
2
39
90
0
33
22
2
8
6
54
2
2
3
13
0
38
0
4
23
441
8
0
2
311
5
2
0
0
0
5
3
39
57
2
36
92
0
0
1
12
2
17
16
8
0
0
5
24
0
0
2
2
11
0
1
2
9
5
5
255
0
0
33
0
0
0
3
0
2
0
29
3
3
12
0
8
1
22
10
27
82
10
0
28
0
0
39
22
13
7
1
16
2
3
0
7
8
9
5
2
21
0
0
38
19
1
10
4
4
1
8
7
24
58
22
3
15
1
5
0
5
0
1
2
1
9
1
0
0
0
20
4
0
0
1
1
13
0
3
0
11
78
1
10
0
3
191
39
78
2
4
0
8
1
4
5
182
3
1
0
12
9
0
2
16
0
0
3
9
0
50
23
7
6
2
6
0
10
2
2
1
2
10
2
0
0
1
0
2
0
56
0
33
0
30
3
110
5
0
2
0
5
5
0
20
0
1
9
19
60
19
25
0
4
5
18
0
97
8
53
53
0
21
23
1
4
1
4
1
0
4
9
59
2
2
0
4
8
2703
24
76
12
168
12
3
6
9
4
22
0
12
0
0
1
0
0
0
2
6
139
1
4
11
2
0
2
24
8
2
4
1
1
0
0
0
1
42
18
86
2
7
0
15
46
8
26
98
9
120
3
6
43
28
1
35
3
1
3
2
0
4
0
0
0
0
0
1
2
53
111
3
8
1
2
0
69
1
183
18
11
13
1
0
1
91
33
0
0
62
34
1
1
4
48
0
1
0
0
21
0
160
1
28
3
28
21
22
1
0
82
2
2
0
274
16
6
4
2
0
0
22
6
3
0
0
30
1
1
2
35
2
2
9
29
3
5
13
12
0
0
54
154
3
19
6
14
2
0
0
56
37
4
1
16
1
0
2
4
2
5
0
3
3
7
21
0
93
3
182
1
1
1
3
14
0
13
0
28
28
0
0
10
7
1
42
5
9
0
19
10
21
3
30
12
0
166
12
49
1
1
47
1
3
4
0
1
4
1
105
35
35
5
9
0
2
2
0
5
1
17
8
39
25
5
32
4
5
0
4
3
0
2
0
0
1
0
0
2
4
3
117
2
7
1
2
123
63
2
1
0
0
3
26
8
8
12
54
25
1
7
0
34
4
3
4
9
11
3
0
40
36
6
0
17
1
1
3
3
4
0
85
0
12
0
0
24
0
0
7
27
0
3
1
7
76
2
1
0
58
2
1
2
54
38
1
10
7
6
0
7
0
3
0
34
4
0
64
15
0
34
6
47
1
9
21
10
47
0
1
0
0
0
106
4
0
0
54
4
5
0
6
105
66
30
2
3
0
0
1
40
159
0
45
14
85
11
1
62
16
0
19
16
38
10
47
31
67
0
0
132
0
87
0
2
4
5
1
0
6
19
1
0
0
14
24
0
8
1
1
12
2
7
185
7
1
5
8
3
9
14
10
4
41
0
40
25
6
19
1
35
0
0
18
7
4
3
2
19
8
0
1
1
2
8
0
10
9
7
2
0
116
17
120
96
13
0
7
119
25
1
148
208
0
10
108
2
0
134
146
135
5
95
0
73
87
23
15
16
56
17
3
1
0
45
33
24
251
32
17
0
1
3
7
1
583
8
4
5
42
0
44
2
8
15
0
0
1
0
0
5
303
2
2
2
1
15
1
1
9
5
2
22
4
11
31
8
5
0
1
1
3
8
0
5
0
2
3
28
46
15
0
35
0
19
5
8
4
110
0
2
0
0
5
1
25
4
12
81
3
38
55
1
9
1
196
7
1
0
10
7
8
36
0
68
4
13
28
1
0
45
1
102
38
0
38
0
4
118
2
22
2
0
141
0
42
24
3
26
11
3
7
132
2
1
1587
1
1
7
0
2
20
2
29
0
0
0
0
8
2
7
109
18
0
7
0
24
1
1
0
9
0
8
0
20
2
2
0
11
27
79
10
67
1
7
4
0
4
1
34
15
4
2
7
19
24
5
2
11
4
3
24
1
3
0
21
9
27
1
0
2
5
13
1
1
9
36
18
26
3
0
5
2
23
8
13
0
1
2
0
1
0
0
16
21
1
0
0
34
12
29
10
88
0
213
2
17
18
2
47
12
4
26
7
9
2
62
1
60
1
0
179
1
0
1
12
118
0
1
0
2
0
17
2
333
8
1
1
22
112
2
2
1
2
4
5
1
0
2
2
63
0
1
0
9
43
11
4
2
4
42
0
12
3
1
0
4
0
95
1
201
55
67
22
19
19
5
2
28
1
0
3
84
1
0
0
4
0
1
53
40
47
8
17
0
45
0
0
31
2
2
23
3
42
15
1
19
0
1
2
0
2
0
9
0
34
17
16
3
0
0
1
87
0
0
25
14
0
8
21
5
45
4
5
0
11
17
8
20
13
0
9
4
4
86
0
31
0
0
11
0
91
1
1
0
77
1
51
64
4
0
0
1
0
0
1
1
8
79
3
33
25
2
0
0
0
22
4
0
72
19
0
30
0
9
1
126
24
1
0
0
6
76
0
1
0
0
2
0
188
61
2696
25
0
1
5
141
17
0
17
44
0
2
11
0
0
15
44
234
1
7
0
0
24
7
4
2
8
0
11
10
2
5
1
317
3
0
0
0
1
13
7
206
16
16
11
40
10
1
38
11
19
4
17
1
0
16
102
11
7
44
41
60
22
3
7
14
0
2
2
7
4
66
114
1
4
0
0
0
32
0
2
8
4
4
13
21
14
0
2
91
16
3
1
8
33
6
5
13
14044
0
4
0
0
1
0
141
2
26
0
1
37
5
0
3
79
9
67
2
2
0
13
39
2
0
28
5
0
0
38
50
0
3
2
18
7
0
4
144
5
67
0
21
27
88
136
0
14
115
28
20
63
6
0
5
21
5
1
0
3
0
1
1
23
0
5
5
58
6
67
23
285
44
5
2
0
14
0
18
1
0
38
0
9
0
31
24
19
35
0
129
11
2
146
1
0
1
0
11
316
2
0
28
2
0
237
4
0
0
1
4
30
3
129
16
2
8
26
4
6
0
0
0
5
0
0
0
0
1
305
0
0
30
0
0
0
0
7
0
2
7
0
0
9
0
1
9
24
43
4
19
33
0
14
68
0
2
4
0
23
1
4
0
0
2
64
35
2
4
68
2
4
0
57
2
8
5
0
44
17
0
1
3
14
158
2
680
620
14
0
1
5
9
5
0
39
1
4
9
22
0
22
71
8
0
0
26
1
0
0
387
10
3
154
144
12
9
3
25
1
8
38
10
104
0
16
0
10
0
18
0
3
0
7
8
18
16
4
12
1
75
4
15
3
6
4
2
6
11
2
94
7
2
4
17
7
1
0
1
0
3
26
1
0
625
1
4
18
179
5
0
2
0
0
1
19
5
0
11
2
4
3
0
30
2
53
32
0
0
5
5
34
1
1
1
0
0
45
2
1
0
169
1
342
7
0
22
0
1038
12
2
1
11
6
6
0
9
29
1
20
1
8
3
11
8
0
7
1
9
0
0
8
97
0
0
2
52
7
0
13
91
0
0
4
12
24
0
0
30
84
30
8
0
4
0
0
7
0
0
8495
0
8
8
75
38
6
22
166
38
8
12
5
0
0
0
834
2
0
56
53
0
0
0
0
42
1
89
0
2
16
139
4
170
5
5
9
0
0
37
14
0
19
6
0
15
0
60
0
4
2
21
7
9
139
51
3
0
408
33
2
0
60
0
0
3
8
0
10
1
7
11
25
1
4
4
1
14
89
4
4
1
1
3
3
14
7
9
163
174
25
9
8
0
0
0
0
103
5
27
0
0
8
0
0
0
0
0
2
0
0
0
0
0
0
5
31
0
0
1
2
12
14
3
7
2
1
30
0
0
158
0
45
2
1
1
1
136
11
69
1131
0
0
73
16
88
26
5
4
3
0
25
20
9
3
9
9
1
0
25
2
0
0
6
1
73
11
59
0
10
6
0
6
8
40
28
0
0
0
1
8
3
7
2
1
0
66
68
13
1
33
53
2967
1
22
4
1
0
68
3
23
1
11
0
0
0
1
85
25
119
8
0
53
2
0
18
0
0
7
50
0
15
0
33
5
1
3
169
2
3
1
47
167
0
12
2
170
0
2
0
2
3
1
10
1
8
0
0
7
138
70
13
14
14
0
4
56
87
105
56
0
77
13
53
36
0
13
6
0
1
2
0
0
0
4
0
2
29
578
0
0
32
3
274
0
1
0
15
25
0
4
114
2
9
0
1
816
0
63
6
294
20
0
0
0
3
0
0
0
8
0
9
17
30
1
0
0
1
0
1
138
1
0
2
3
3
2
16
1
438
2
1
417
5
4
106
0
6
19
0
9
0
3
6
20
0
232
0
0
64
1
4
5
14
0
3
7
87
9
1
56
0
18
16
21
3260
10
34
1
31
8
19
1
0
9
0
1
2
2
14
0
16
177
9
5
14
0
0
136
7
1
27
17
7
12
6
1309
0
0
0
1507
14
0
215
238
36
0
9
13
275
18
50
48
0
0
51
70
167
0
0
6
1
103
33
7
1
2
0
413
1
0
3
13
10
0
12
1
5
0
40
29
0
21
2
14
7
1
2
2
56
5
1
13
0
139
0
0
10
3
61
0
3
4
1
0
8
4
6
0
4
3
14
0
0
5518
0
2
20
0
20
15
5
4
1
4
5
1
16
9
0
76
0
0
2
2
0
46
6
18
2
16
2
10
29
10
615
359
8
3
5
0
186
0
0
0
0
0
0
0
26
1
22
4
71
74
12
0
43
0
95
5
19
0
0
30
23
10
1
23
2
2
4
5
5
0
0
1
2
0
4
268
5
0
38
0
0
0
4
22
3
1
24
302
0
57
10
2
98
40
54
6
13
11
21
4
398
92
0
2
1
1
1
6
1
59
1
0
0
0
15
36
6
4
15
0
1
36
6
0
2
6
0
2
1
6
5
10
0
1
0
0
26
2
2
0
0
0
50
1
0
0
4
9
42
90
0
6
1
3
1
0
0
15
0
67
40
0
2694
1
47
55
5
0
66
0
55
19
2
3
1
10
6
0
0
32
32
4
0
0
4
4
0
1
6310
56
2
14
4
1658
0
0
0
0
380
0
10
2
0
3
10
2
1
51
5
3
0
5
0
22
1123
116
0
24
30
0
0
0
25
2
1
0
0
1
0
19
27
0
395
1
10
9
10
0
1
8
16
2485
52
1
3
0
0
25
18
73
1
0
15
1
4
3
4
0
35
6
25
60
17
14
0
29
37
23
6
11
0
4
238
6
0
67
411
0
0
1
16
3
4
40
0
10
0
4
10
21
2
0
10
0
0
0
4
0
7
14
55
0
2
20
5
0
4
36
0
0
0
19
4
1
2
15
22
0
101
0
28
10
18
5
0
17
1
0
22
8
16
1
39
0
1
0
11
28
6
6
42
54
1047
0
0
2
0
7
6
16
186
1
2
2
12
123
3
25
1
0
0
15
7
25
0
23
0
11
2
2
2
3
3
41
0
32
1034
0
40
0
31
2412
72
20
6
2
0
25
4
0
0
13
0
245
0
12
0
4
0
8
0
28
7
1
2
92
5
3
24
35
0
4
30
3
5
25
7
0
58
3
2
3
1
3
112
20
2
0
1
2
41
0
0
1
4
0
39
7
3
118
1
2
1
0
0
3
0
0
5
22
8
37
2804
96
16
13
1
2
0
3
0
0
13
3
0
0
10
19
0
0
0
7
0
0
37
3
1
0
1
4
0
1
39
0
81
1
102
22
6
10
3
1
1
1
0
1
1
10
6
0
0
0
0
0
1
0
0
10
13
1
0
4
2
37
121
0
0
0
0
0
0
32
57
9
2
0
0
0
27
0
126
7
51
522
0
3
91
34
2
0
5
0
1
708
26
25
8
0
0
2
42
28
10
3746
0
2
0
5
11
0
0
0
39
8
0
1
8
1
2
0
13
0
17
0
9
0
4
107
59
12
39
0
14
2
4
9
0
4
0
10
1
2
9
4
0
4
34
14
6
634
0
1
0
0
8
51
0
11
23
18
8
0
21
2
2
4
30
1
0
12
0
0
51
16
3
3
21
0
4
17
251
9
23
0
3
40
1
15
111
0
8
26
0
0
0
2
0
59
21
120
27
0
0
42
18
8
4
21
1
0
21
129
1
8
0
0
11
0
4
1
36
1
1
0
87
4
11
4
37
74
1
0
3
1
0
0
2
158
49
3
25
1
61
0
134
14
1
9
1
0
13
0
0
1
24
1
13
3
68
38
0
0
0
10
0
0
0
42
0
14
5
48
2
32
1
0
6
32
14
3
3
21
42
104
0
0
5
8
0
6
5
4
1
1
47
183
2
3
5
9
1
0
2
0
25
22
1
17156
4
8
1
3
12
3
0
17
37
52
2
30
0
0
2
3
4
4
95
0
109
2
1
11
2
0
5
0
52
4
2
35
46
1
115
0
5
0
1
27
1
13
145
1
0
0
7
5
0
7
56
2
0
0
0
24
0
0
11
1
0
1
28
17
107
62
18
0
1
12
0
12
2
1
15
0
14
4
2
0
1
0
0
7
2
16
5
4
10
2
8
0
12
1
8
3
1
180
7
14
2
3
88
75
5
0
1
1
3
31
28
0
2
8
16
0
4
3
21
0
43
138
26
0
8
25
143
4
43
1003
0
71
30
24
0
30
0
4
4
4
1
2
0
9
4
39
4
0
3
3
7
14
23
30
0
0
7
4
56
6
5339
0
0
98
24
5
131
2
0
8
0
0
3
12
46
1
1
2
1
1
47
26
0
106
2
17
7
1
0
6
1
2
128
8
1
12
0
8
25
307
13
0
20
1
14
0
1
0
5
0
2
3
0
0
145
0
3
14
1
12
299
15
12
0
5982
1
0
62
0
18
0
0
1
0
0
210
1
3
2
6
0
0
27
4
4
24
2
20
5
7
11
0
9
7
12
25
0
0
43
36
32
1
18
0
0
79
7
0
1
0
1
82
0
0
0
56
25
1
0
6
10
1
2
0
0
6
0
0
3
8
0
0
0
18
12
27
0
121
2
51
28
19
39
0
12
1
6
0
32
85
35
22
0
0
14
1
0
10
0
25
0
1
3
30
2
14
24
1
4
0
0
13
45
0
11
1
1
0
82
93
0
111
33
29
0
0
0
0
4
13
2
16
101
3
0
2
0
6
4
15
0
3
0
11
0
1
120
0
0
52
6
21
1
1
3
85
2
93
0
2
0
0
15
0
1014
3
2
4
2
0
1
8
26
6
2
0
0
5
1
13
0
0
0
0
182
10
0
5
345
0
1
36
14
3
24
3
3
0
0
15
2
0
11
4
46
3
14
3
0
5
0
75
0
2
14
99
18
1
816
15
0
16
14
20
140
1
17
1
0
1
116
4
0
1
107
3
4
0
0
366
0
41
3
16
0
0
0
0
25
37
1
40
15
0
0
0
198
1
0
52
7
8
0
3
25
6
0
9
62
67
6
27
2
0
0
40
0
0
0
0
1
11
3
1
8
6
4
298
23
142
7
19
0
18
3
4
0
3
0
18
6
5
50
12
0
0
0
3
0
12
0
0
0
1
21
20
0
1
19
0
0
73
0
10
33
22
0
0
0
0
3
0
0
0
168
0
0
18
0
177
25
61
28
0
35
9
1
0
0
0
7
54
0
0
0
9
0
2
31
1
1
0
1
6
158
0
1
64
0
1
2
14
0
17
32
0
33
0
0
2
1
0
14
48
6
0
0
14
0
325
13
63
1
251
3
0
30
1
9
124
0
15
0
38
8226
1
0
7
40
175
16
15
12
5
0
1
0
1
0
1
0
0
17
17
30
24
1
1
1
1
2
6
0
5
0
0
14
8
0
18
3
12
79
55
5
4
1
5
0
0
0
0
3
0
118
51
19
2
0
7084
20
0
6
0
21
32
8
25
16
1
10
0
8
12
0
0
0
0
5
0
0
15
0
0
0
0
0
2
1
17
4
5
0
58
10
5
1
5
21
0
1
0
0
141
0
0
52
23
3
1
25
51
22
262
0
4
1
68
253
1
17
0
16
27
9
0
9
0
26
0
12
0
158
102
25
6
0
6
63
47
3
0
1
0
1
0
10
0
0
0
4664
21
3
12
21
5
22
16
0
208
2
16
0
6
25
3
2
9
0
0
1
22
1
0
0
10
0
103
0
0
0
63
0
4
0
7
21
34
5
4
3
10
3
6
18
7
0
12
103
0
2
2
2
4
1
5
5
0
5
12
6
38
0
9
0
2
5
27
25
0
35
15
2
7
13
51
0
0
1
22
30
0
0
14
6
0
130
31
0
0
354
4
8
5
1
13
4
13
2
0
4
0
25
2
217
0
13
20
1
401
0
35
0
0
5
0
1
7
15
313
61
0
0
4
0
24
57
1
0
93
37
6
7
1
2
2
18
59
1
11
2
0
20
2
41
0
2
1
3
0
10
46
1
19
52
1
29
1
1
11
11
4
2
4
0
40
1
7
18
21
5
2
2
30
21
10
0
0
178
113
12
1
8
1
1
42
1
0
0
11
4
19
7
1
0
1
0
0
1
12
9
0
710
3
0
23
10
1
0
15
0
2
13
7
6
16
2
3
32
0
0
3
4
0
30
1
0
326
0
0
44
13
6
4
0
0
7
0
5
3
20
1
6
155
5
0
41
0
1
4
161
2
0
8
3
1370
3
69
11
14
816
0
0
7
4
0
13
1
1
0
12
2
77
14
0
8
8
0
48
16
7
21
301
0
7
99
0
0
81
6
2
45
33
133
0
14
0
0
17
11
7
31
2
2
0
0
0
1
29
0
9
0
75
9
0
0
48
100
2
13
9
2
40
11
13
3
15
6
8
0
2
11
38
12
16
10
31
5
5
12
1
0
28
5
130
0
2
4
2
8
2
175
0
4
2
0
5
0
0
3
1
3
0
0
16
3
7
24
5
55
3
5
1
8
26
5
0
5
0
0
6
32
1
9
163
4
1
16
0
6
2
0
37
0
69
0
4
0
0
0
1
46
40
3
0
7
12
0
0
0
4
0
0
0
0
0
4386
28
0
0
3
5
2
22
0
0
24
13
54
1
5
0
1
2
2
7
7
32
123
0
0
0
86
19
20
0
2
0
69
46
0
0
5
13
414
85
1
17
0
184
6
2
13
23
12
2
4
9
1
1
0
0
4
158
2
14
0
0
1
4
20
67
0
0
15
0
0
22
0
0
90
0
82
0
33
18
0
19
4
43
29
123
8
0
43
6
47
0
1
6
28
2
5
0
42
1114
87
1
0
38
1
2
3
0
28
24
49
5
0
11573
40
22
77
17
0
15
0
452
0
25
30
0
0
0
0
1
0
39
276
0
6
42
0
0
2
45
10
3
14
36
89
6
6
20
0
1
9
1
1
1
16
3
0
2
0
0
51
193
2
22
8
7
3
101
0
4
116
0
0
7
0
6
0
22
23
1
0
63
8
0
1
2
1
1
0
1
8
0
0
146
91
0
2
2
2
3
0
0
24
0
1
2
91
1
1
0
0
0
14
1
0
13
6
9
50
0
0
78
0
0
35
4
59
0
1
3
26
0
6
1
2
4
5
3
0
8
1
0
0
2
16
1
21
0
22
0
27
13
0
3
34
59
293
0
68
26
0
0
8
11
69
24
0
10
0
20
2
0
9
49
29
26
151
8
13
0
0
123
25
0
184
254
6
1
0
0
132
3
0
18
0
0
788
46
2
0
0
0
4
4
0
195
33
195
53
0
8
4
30
20
2
0
8
0
23
0
0
7
48
1
4
0
4
0
1
9
2
1
15
0
37
0
0
53
0
23
33
1
0
62
2
0
0
8
7
1
1
1
9
5
21
0
0
0
29
1
0
0
0
5
30
15
0
16
1
2
5
20
0
2
0
0
1
24
1
2
0
480
96
0
806
17
9
3
10
10
16
54
9
931
135
0
0
1
28
7
5
0
32
22
23
0
2
0
3
5
4
0
11
0
7
0
0
0
9
0
16
0
33
0
0
0
4
20
0
0
25
49
9
2
0
7
9
0
2
0
0
0
628
27
1
7
0
25
0
0
0
0
2
0
0
8
0
10
1
9982
0
14
0
16
42
39
1
14
39
7
0
30
0
0
0
0
15
8
0
7
1
0
146
7
3
0
1
8
12
21
18
7
1
0
0
0
13
3
9
8
4
30
55
25
6
1
5
165
0
8
7
5
0
3
1
1
4
13
3
0
63
0
0
0
60
97
0
0
184
0
1067
0
29
0
0
121
0
1
18
0
0
12
64
467
3
0
5
0
0
7
3
0
1537
776
1
9
71
150
58
0
0
0
21
0
0
10
0
0
0
1
9
1
1
0
26
0
1
0
58
65
13
1
0
7
1
126
13
18
1
2
0
6
8
0
0
120
1
0
1
5
0
0
0
4
0
0
13
16
0
0
272
4
0
2
18
7
0
1
5
0
818
0
4
0
0
0
1
32
0
2
3
0
0
6
13
1
0
45
0
0
38
0
2
115
1
0
18
180
0
1
30
59
0
0
818
0
0
10
92
0
0
0
774
18
12
0
0
0
1
1
10
5
0
24
0
0
24
10
106
0
44
0
4
26
0
0
0
20
0
1
3
0
116
5
3
2
8
0
0
1
0
0
239
18
8
29
648
0
26
0
56
16
5
37
0
0
0
4
6
3
53
7
35
0
28
480
6
7
0
0
6
3
35
3
0
192
0
4
3
0
5
28
0
1
0
124
5
34
50
0
0
0
1863
0
10
3
0
0
14
0
1
10
0
328
0
0
139
0
0
20
0
5
0
0
2
0
0
97
0
0
0
54
199
278
4
0
7
0
1
175
14
1
0
0
0
0
0
18
0
0
1
20
19
1
146
1
1
8
7
0
0
66
13
14
0
1
0
301
1
105
7
1
2
1
0
3
18
0
1
0
0
1
0
24
22
0
0
3
8
0
0
0
3
12
128
0
0
12
4
0
0
0
0
0
27
127
5
3
2
10
9
1
1
0
13
2
0
181
0
0
3
95
22
0
0
55
0
0
18
0
32
26
55
165
0
0
0
0
0
0
2
32
1
69
4
37
0
8
0
4
106
13
49
0
4
3
2
2
36
56
0
0
0
0
8
0
0
0
16
60
1
17
18
7
130
0
0
0
6
21
0
6
0
0
0
0
0
0
6
59
32
0
2
0
0
2
0
17
7
0
25
32
0
3
31
38
41
1
31
0
40
5
15
187
0
46
3
95
7
37
3
0
71
0
69
4
1
6
18
25
13
6
1
3
17
0
3
25
11
16
0
0
38
1
0
0
0
47
46
61
3
208
26
60
9
0
75
48
4
241
0
6
0
0
0
0
3
73
3
73
0
0
35
0
238
0
3
43
9
0
0
16
0
0
4
0
0
121
14
94
8
0
0
0
0
0
6
2
0
0
44
0
0
130
170
0
51
0
0
1
26
0
47
40
4
87
51
83
21
20
4
0
0
0
8
31
16
0
0
17
1
0
36
0
0
84
1
0
0
0
5
273
0
0
0
81
28
7
45
15
0
0
0
0
0
0
48
11
0
0
43
21
2
10
32
17
0
0
13
0
0
0
1
21
8
0
2
1
9
55
14
0
1
26
8
119
13
0
6
1
0
0
3
54
0
0
35
0
0
53
0
0
1
0
0
22
0
0
0
0
1
0
25
0
17
0
28
4
1
18
0
0
0
41
0
9
6
8
0
0
0
0
102
16
0
339
4
24
0
0
0
2
9
0
53
0
73
0
0
0
0
0
0
0
4
0
0
0
0
0
135
1
0
6
1
0
183
0
3
319
1
80
22
0
2
3
0
4
0
3
53
2
0
0
0
20
27
0
0
0
0
0
0
7
21
11
1
423
7
2
0
20
2
1
43
0
15
0
900
0
1
54
0
1
0
0
9
105
95
3
11
13
0
10
0
0
20
0
0
55
1
5
1
9
0
0
0
0
0
47
5
2
1384
0
2
0
0
13
0
0
176
0
0
50
3
6
78
0
0
68
0
0
212
7
0
1
22
0
24
10
87
1
13
0
0
0
0
0
356
0
0
0
8
0
4
5
15
0
26
51
212
15
3
0
3
104
0
29
0
7
29
186
12
0
0
0
2
16
5
7
0
214
4
44
3
144
0
0
7
0
8
2
15
101
34
2
0
9
91
0
15
1
1
14
39
1
0
396
0
0
0
0
4
5
2
3698
0
4
4
4
0
75
2
0
0
0
203
53
27
0
3
0
15
0
0
10
0
0
0
7
9
36
0
0
0
2
2
1
43
5
0
1
0
24
0
0
197
64
22
8
0
0
0
0
0
0
12
2
25
1
1
0
116
0
0
0
156
12
38
2
309
31
2
3
48
33
0
1
7
0
0
6
77
18
0
35
0
50
2
0
45
12
3
1
5
9
0
0
0
234
156
16
99
0
0
533
54
2
0
11
0
1
3
0
2
2
1
0
501
31
0
0
0
0
1
5
0
1
1
34
2473
34
49
0
106
141
1
9
24
0
5
0
111
0
31
0
7
6
7
0
4
6
0
0
159
1
0
1
1
0
287
11
0
42
53
6
5
5
31
1
186
0
39
84
5
0
0
0
3
0
17
113
2
28
7
19
2
0
60
0
0
0
0
15
0
3
0
0
0
0
17
0
197
0
0
57
3
443
11547
31
0
8
6
0
16
0
0
28
528
21
15
0
196
173
0
0
6
7
1
7
6
16
2
44
6
3
1
0
45
12
6
5
0
0
4
1
0
44
0
4
24
0
2
0
0
166
67
41
2
12
31
54
167
4
1
0
1
12
0
16
67
15
0
4
0
42
0
0
0
0
59
0
33
0
7
83
0
1
0
11
0
90
0
0
1
11
0
8
3
7
0
0
1
0
4
0
10
13
0
101
0
18
2
11
6
3
1
300
6
1
29
0
0
0
0
15
31
0
0
0
0
4
0
0
6
0
17
0
0
0
0
4
0
0
0
1
6
40
0
139
12
0
0
0
150
2
2
10
16
0
18
0
5
4
3
0
0
0
1
0
4
1
0
5
22
0
39
5
0
6
0
19
28
19
19
56
0
5
175
13
13
54
0
0
21
5
0
0
13
10
35
26
1
0
6
2
80
37
0
8
2
0
25
6
4
0
41
56
0
1
0
0
1
94
0
10
0
0
0
1
2
20
26
60
1
0
0
0
0
0
1
2
0
0
48
27
6
25
126
64
0
4
0
2
0
887
141
0
1
0
0
0
7
39
1
0
0
0
87
17
0
2
0
0
0
0
2584
0
0
2
244
46
0
1
31
7
0
6
16
0
0
4
3
0
26
0
0
19
177
0
2
65
69
0
23
0
0
267
48
48
0
0
0
0
700
38
50
0
281
0
5
10
0
64
1
12
1
0
0
5
5
6
0
0
61
0
0
0
0
4
0
0
0
0
0
0
4
0
10
6
0
0
0
5
26
5
0
0
5
38
0
3
238
26
23
33
0
0
0
9
2
0
0
9
18
44
33
1
0
0
12
0
39
4646
0
1
22
0
28
6
18
88
15
0
0
10
0
0
15
5
0
9
0
14
2
0
0
659
2
0
10
3
0
0
0
120
112
0
0
4
36
13
108
8
0
0
13
82
0
2
11
0
0
0
0
0
23
0
5
25
0
515
0
16
4
1
5
93
3
42
0
10
4
1
3
166
132
7
0
0
9
36
0
0
0
0
0
4
0
58
42
11
738
15
58
23
90
85
0
27
4
22
2
0
0
0
98
0
0
0
10
11
11
2
0
1
0
0
8
10
0
0
15
0
13
0
0
0
0
69
0
1
5
0
2
142
2
0
29
9
0
0
0
1
0
0
0
0
0
0
98
0
3
0
0
0
0
9
38
0
0
0
0
28
0
172
5
2
0
7
0
0
13
19
0
1
0
0
0
2
6
3
3
0
0
243
13
65
11
9
1
1
0
1
28
5
2
145
8
0
1
0
1
25
0
0
1
3
0
2
0
0
0
0
0
0
66
10
0
4
4
0
2
1
65
574
0
12
63
25
0
1
5
0
13
0
114
0
18
1
12
1
46
0
0
134
0
172
0
5
0
16
45
33
20
1
6
0
0
67
7
0
0
22
3
0
4
1
2
0
57
70
1
85
0
10
341
1
11
129
4
20
65
15
20
0
2
3
0
29
0
1
0
0
27
9
0
1
0
1
8
0
49
1
0
661
1
178
6
0
3
54
162
6
0
2
1
1
6
88
0
0
121
102
2
0
1
0
0
1
0
0
0
2
240
1
0
0
0
0
156
0
2
10
0
0
0
565
136
2
9
0
1
2
0
0
20
0
67
0
1
0
26
16
0
12
0
6
4
5
0
51
4
0
0
4
0
0
0
0
2
42
33
10
7
2
1
11
2809
49
6
2
7
3
0
0
9
0
52
3
8
0
10
0
17
4
0
55
24
1
0
0
12
0
8
0
38
0
0
0
21
0
0
73
4
101
24
3
125
0
1
0
2
1
2
0
0
24
266
6
0
0
68
0
0
3
4
6
0
5
60
27
8
3
0
3
2
0
0
10
8
0
11
19
19
151
0
31
2
0
38
7
0
37
0
0
0
1
1
0
0
0
145
0
10
0
2
0
3
0
11
0
0
49
0
7
0
0
1
39
62
0
1
327
17
0
0
37
0
0
13
0
0
0
21
29
9
149
26
0
0
6
13
3
2
11
0
12
0
1
0
0
0
56
278
0
24
0
6
0
10
7
1775
1
0
0
0
0
3
0
0
0
1
3
0
0
16
4
113
17
4
2
0
109
29
0
22
27
1
0
37
0
1
0
0
16
3
4
158
39
6
0
190
0
12
146
0
0
7
163
4
12
0
12
6
2
0
0
0
2
7
41
500
14
59
0
0
5
0
6
0
0
0
0
0
8
2
0
158
0
1
2
1
0
24
0
0
13
16
0
96
2
1
3
31
0
33
16
1
16
11
17
3
1
12
26
0
8
0
0
0
2
18
15
151
1
0
21
0
0
0
0
0
0
0
13
0
0
1
12
0
3
0
0
6
2
12
2
14
0
0
0
146
0
4
0
0
9
471
0
0
8
0
71
4
0
0
0
0
3
1
0
1
0
5
12
392
17
5
0
24
0
0
39
0
0
0
0
0
0
7
0
0
20
39
18
34
0
22
15
0
0
16
62
35
491
2
0
0
16
1607
0
24
0
0
0
4
0
2
19
0
0
5
0
2
79
23
6
0
2
113
458
0
24
57
7
2
4
0
0
1
1
0
1
3
3
0
0
196
115
20
0
48
2
4
354
66
0
50
3
1
2
0
0
0
0
0
1
57
20
0
1
31
4
90
0
31
0
0
7
13
0
14
0
5
0
180
28
0
0
0
35
32
3
7
0
0
0
0
1
58
7
24
0
1
0
0
0
1
24
3
0
0
0
62
147
0
1
32
4
0
18
0
0
27
2
5348
644
0
35
6
53
2
23
4
2
2
0
0
4
0
0
26
0
302
0
0
8
0
13
130
0
28
0
0
10
8
1
0
0
0
0
207
0
1
13
0
71
0
8
0
2
27
8
0
0
4
0
0
0
0
0
23
1
18
0
0
41
0
0
10
0
4
10
1597
3843
0
0
27
2
0
2
2
42
1
79
0
1
0
50
11
0
19
3
1
0
13
0
0
0
65
0
0
0
0
0
0
0
0
0
9
0
0
0
0
51
0
46
0
0
17
0
0
3
37
0
11
0
0
0
5
2
0
0
0
4
3
41
8
1
14
203
0
0
82
0
0
2
4
106
0
2
10
308
0
0
50
7
0
0
0
20
0
15
11
5
0
0
63
2
86
0
0
14
14
1
3
0
1
1
4
3
9
6
4
0
0
11
1
131
9
6
0
0
0
0
0
0
194
0
3
16
18
45
16
17
10
25
15
5
1
23
0
874
0
10
137
175
39
47
0
15
10
28
0
0
0
0
38
0
7
2
89
11
0
9
14
11
5
0
0
0
0
0
4
1602
1
0
0
36
0
0
3
2
2
6
0
4
33
15
2
4
0
1
29
4
0
6
0
15
9
0
38
0
0
0
0
0
30
1
0
0
1
0
0
72
0
0
0
0
102
32
10
0
7
0
0
0
17
3
5
16
0
9
2
12
0
1
82
0
0
7
51
0
0
0
0
0
0
4
0
101
13
1264
2
2
0
0
639
29
0
0
196
4
172
0
18
54
0
0
1
171
0
52
1
19
0
0
0
2
28
0
10
0
7
0
0
0
139
19
133
15
0
76
0
9
0
15
89
125
6
0
101
156
0
11
71
8
0
96
0
0
0
6
174
27
129
1
444
26
15
0
3
0
0
10
255
0
3
15
1
1
17
105
0
12
4
2
20
71
1
3
7
308
0
86
0
0
32
0
22
201
0
25
1
0
0
0
17
159
0
5
10
7
2
7
0
0
5
0
216
0
1
0
14
10
1
2
212
0
675
38
4
0
0
0
48
0
5
0
4
4
4
0
180
21
0
29
84
0
36
14
0
0
10
0
0
4
136
0
47
0
0
36
9
2
1
0
0
7
0
1
78
8
7
9
0
0
26
4
0
1
0
8
3
227
95
0
5
0
18
2
48
0
0
0
10
2
3
57
24
1
0
147
31
0
3
0
0
40
17
58
0
0
2
1
0
0
18
6
43
0
11
8
7
0
105
4
2
0
32
1
0
7
0
3
1
43
3
0
1
0
2
0
21
13275
0
0
10
1
33
6
10
0
2
0
10
5
40
73
8
23
11
5
38
15
15
35
8
14
0
35
0
28
0
244
0
63
0
71
0
12
0
1
46
65
2
65
85
20
1
16
2
12
0
13
9
204
116
16
0
76
1
5
7
26
0
10
1
3
28
35
23
1
1
2
1
82
0
6
0
576
51
2
0
0
9
14
4
1
0
0
4
159
22
7
0
0
4
97
1
3
1
3
3
0
0
12
9
9
0
0
0
0
210
0
1
2
13
10
1
2
8
18
1
157
130
56
8
0
0
0
1
0
24
22
6
32
0
0
0
6
5
0
0
17
28
1
7
662
22
511
0
15
2
0
0
22
7
4
13
27
33
510
0
0
0
8
11
3
7
8
0
22
3
28
0
0
22
0
54
0
7
38
48
22
0
0
171
3
4
13
3
0
44
0
10
0
13
42
0
0
714
0
14
13
0
32
7
20
0
24
36
289
10
0
0
2
65
32
3
0
0
0
275
1
3
0
0
13
18
72
0
0
0
0
0
32
0
51
10
23
42
0
0
6
19
11
185
1
53
5
1
7
6
796
644
17
32
0
0
1
0
2
0
0
55
0
28
0
13
2
113
143
25
0
17
0
0
0
0
5
0
0
3
0
0
101
62
7
0
6
14
2
5
169
0
36
16
35
6
2
0
0
1
0
14
1
61
42
8
5
4
2
0
0
6
96
2
4
0
0
15
0
0
0
19
462
10
12
1
39
0
0
39
1
13
0
0
13
0
0
0
51
0
3
2
0
0
0
9
0
10
8
2
189
4
1
2
0
35
44
11
7
27
9
4
0
0
1
0
3
0
0
24
2
0
17
5
72
0
0
4
0
6
116
283
0
0
33
90
12
0
44
796
0
20
2
1112
27
0
0
0
0
20
8
4
91
4
0
64
0
0
0
5
1
8
15
2
78
0
12
0
0
124
2
4
18
0
61
64
0
2
35
16
26
14
8
39
32
0
93
0
238
0
0
0
0
0
0
7
124
0
30
36
0
0
0
72
10
14
179
1
0
8
0
1
7
0
34
25
0
0
3
4
14
0
9
92
51
102
25
3
0
18
0
40
2
18
75
9
68
0
172
0
1
11
0
1154
0
0
3
1
9
0
0
65
9
8
177
101
34
47
0
50
11
75
108
31
89
20
0
6
14
0
0
1
6
0
0
2
8
20
2
25
40
136
6
398
31
3
0
1
3
714
269
8
1
0
1
167
0
254
3
3
10
0
4
1
32
55
4
27
0
7
13
1
2
110
30
0
0
2
38
0
11
31
14
8
555
152
15
0
6
168
4
0
0
1
0
285
0
0
4
22
3
34
0
0
2
14
0
36
8
39
11
1
17
4
6
72
0
33
107
19
20
7
1
21
0
1
2
0
0
0
36
24
12
0
0
9
2
4
5
0
0
13
420
175
0
367
6
35
76
329
27
89
4
0
2
9
0
0
6
343
19
0
17
67
85
176
2
104
131
1
0
2
14
309
0
4
6
10
1
196
25
0
800
6
1
51
0
87
34
57
1
3
7
0
0
0
25
1
19
0
20
30
0
6
2
55
39
6
160
358
1
2
0
157
31
0
1104
6
4
0
33
51
0
66
30
24
18
45
29
1
3
379
18
23
111
5
0
0
18
1
4
46
165
0
0
0
23
47
96
0
6
66
23
32
113
0
0
144
5
1120
0
3
11
0
2
33
0
5729
0
0
1
70
15
0
0
6
9
732
0
45
19
0
0
81
1
118
10
6
6
39
0
0
52
35
19
0
20
0
6
1
0
3
4
38
57
0
12
12
2
30
7
1
3
0
7
10
1
24
207
0
2
9
0
19
0
2
9
3
0
1
3
4
1
1
1
0
0
29
465
4
2
0
0
0
44
0
0
15
0
34
166
0
20
74
1
0
8
3190
1
0
29
0
0
0
0
0
31
6
2
1
0
1
211
26
124
0
77
9
6
6
6
0
19
0
65
32
2
15
20
26
0
11
228
47
453
0
0
0
32
1
0
19
8
1
73
111
4
0
41
0
54
4
0
18
4
4
2
88
3
0
7
8
0
4
14
22
0
0
6
6
581
23
65
193
1
47
451
14
41
90
7
5
0
43
2
0
1
17
0
10
0
3
0
10
56
158
196
49
0
57
41
300
0
11
54
22
9
3
9
7
13
0
7
0
0
0
5
4
0
10
0
57
29
3
41
14
74
20
9
10
0
56
16
1
0
0
37
25
8
24
54
0
13
54
0
1
1
0
41
7820
0
0
0
5
0
132
20
44
0
0
15
26
43
30
0
18
1
0
0
8
137
11
427
1
10
6
2
37
0
308
21
0
6
654
0
0
346
2
9
2
1
0
18
0
6
0
139
0
0
9
0
8
6
25
0
45
3
96
0
82
33
0
8
34
364
100
37
0
83
0
0
0
1
11
16
1
42
19
0
0
512
0
25
10
24
77
12
0
105
1
1
0
561
7
0
0
0
0
1
25
0
6
1
66
1
0
300
15
11
9
4
1
0
165
3
0
332
0
48
0
94
1481
0
0
0
1
0
295
9
0
0
42
0
0
0
11
965
3
5
0
0
0
5
2
387
188
7
0
118
6
0
18
0
3
34
20
20
0
0
200
43
1
14
120
1
75
22
0
19
0
5
69
0
23
0
2
25
26
54
1420
0
12
12
88
0
3
7
0
30
22
7
0
40
11
40
90
0
0
67
0
2
0
0
203
206
0
13
2
0
0
0
12
7
1029
0
1
148
53
52
1
44
5
28
5
0
15
1
37
2
79
34
355
1
0
1
221
537
7
1
30
297
1
11
5
0
4
1
13
59
20
0
63
23
8
76
0
232
0
0
67
9
100
79
0
0
4
2
11
613
114
9
12
2
41
23
8
171
3
30
0
5
4
0
1
1
0
130
2
83
395
4
33
14
0
14
13
45
158
6
29
0
6
154
1
68
7
5
71
2
2
40
40
0
219
100
0
6
0
15
4
23
3
0
8
25
1
33
0
12
21
9
4
0
54
5
30
22
13
363
0
14
0
5
110
54
0
4
6
0
1364
0
0
11
4
6
2
14
122
0
0
3
0
1
73
8
0
17
0
57
0
180
1396
362
2
78
23
19
0
0
101
1
16
1043
35
8
42
149
0
6
0
1
54
23
3
0
0
0
18
52
0
5
20
1
0
5
0
14
52
25
2
0
6
97
4
54
0
6
19
6
9
44
14
0
0
0
7
51
227
1
0
0
0
16
505
0
0
3
6
2
0
5
2
22
982
17
12
204
4
0
10
2
19
0
41
0
318
5
17
30
4
43
16
33
1
49
0
30
128
10
2
6
76
28
57
339
3
71
0
0
69
0
0
77
25
157
291
2
0
0
71
54
0
36
4
0
0
1
9
0
0
118
0
8
15
0
4
58
7
0
0
78
55
0
0
0
0
0
0
4
17
5
25
0
10
76
10
31
3
0
23
0
4
1
14
0
150
84
413
0
59
3
1214
1
0
294
3
18
0
210
1
0
1
7
29
16
14
189
0
87
1
0
0
11
13
133
0
2
0
13
3
6
0
8
0
1
6
182
24
109
0
2
0
419
322
18
3
0
2
4
14
1
1
12
14
11
10
0
0
30
9
0
18
2
0
28
0
54
19
22
1
12
169
17
14
47
213
13
253
22
32
0
134
23
0
10
15
0
37
0
0
0
0
0
0
248
16
0
0
0
29
0
58
260
4
3
16
0
0
6
567
1
1
0
1
14
729
0
3
0
81
13
8
130
0
5
8
14
21
74
0
0
0
1
0
9
513
0
9
6
23
2
3
0
10
19
0
20
0
222
29
23
0
8
0
1
0
0
5
0
0
0
0
9
12
1
36
0
0
0
0
14
2
0
38
0
2
116
55
0
1
2
0
3
0
10
0
0
18
202
0
18
0
979
0
6
0
0
35
11
0
0
1
1
2
9
35
25
2
1
5
17
2
0
0
76
1
19
4
0
27
1
5
0
1
0
0
2
12
0
96
92
0
11
0
402
0
7
378
77
0
237
17
0
26
10
0
54
3
36
5
75
0
7
0
0
6
0
4
9
3
0
0
0
8
0
35
0
4
0
4
36
11
4
44
53
0
0
19
3
350
0
150
39
6
6
0
4
3
2
2
22
26
0
22
5
2
0
0
0
0
3
0
3
0
8
9
0
0
0
0
6
0
13
2
0
0
2
0
62
1
0
129
0
0
130
0
0
37
0
0
0
0
0
1
154
0
8
5
171
0
28
2
155
0
0
597
0
1
0
0
0
126
4
0
5
1
3
2
3
0
60
97
47
5
2
1
182
1
0
0
5
8
36
26
1
0
0
2
0
23
70
13
24
0
0
10
4
18
0
8
1
0
16
16
29
0
6
4
45
13
0
9
3
62
100
138
78
61
0
4
28
0
0
3
47
1
0
0
0
2
0
261
1
32
0
7
8
0
0
96
121
28
0
0
2
2
0
0
7
95
0
0
1
0
52
0
63
0
12
0
0
0
3
1
0
29
27
1125
35
0
2
21
0
0
3
7
27
0
0
1
0
0
9
8
0
0
0
27
2
0
0
1
3
1
0
0
30
10
0
0
32
1
69
0
0
1
0
0
21
0
19
8
0
6
2
9
68
87
35
86
0
8
3005
0
429
0
9
0
0
197
48
0
2
2
15
1301
0
0
1
148
53
0
0
103
12
0
3
18
0
0
0
0
4
0
0
51
315
0
0
0
0
16
4
2
0
0
40
67
41
0
37
452
23
7
0
294
0
682
0
0
522
39
18
13
0
12
0
0
17
183
2
183
7
7
0
0
841
0
5
4
22
0
42
1663
44
165
6
2
1
0
72
0
0
4
0
95
9
5
11
2
198
6
45
71
0
1
9
33
21
9
16
10
4
9
71
53
20
174
1
38
1
26
42
1
9
32
1
1
0
24
6
1
19
3
