104
15
328
0
3
51
1
10
2
2
0
1
1
45
3
9
2
0
0
0
3
0
0
0
189
42
1
0
26
2
0
3
0
1
5
38
14
5
1
1
5
5
30
2
1
1
0
1
0
0
93
24
157
26
90
1
1
1
2
76
9
1
0
0
0
21
0
17
5
50
0
2
0
0
35
9
0
0
2
58
4
0
0
108
133
0
0
6
4
1
12
0
0
17
68
0
0
0
51
75
12
0
0
0
4
0
2
0
3
0
0
1
33
0
0
29
4
4
0
5
8
20
12
8
0
32
3
0
1
18
55
49
11
0
0
0
11
61
0
12
1
0
9
11
4
45
0
2
36
61
24
7
0
2
1
2
15
20
24
26
4
1
4
1
0
8
2
0
0
1
168
1
31
0
22
16
22
10
283
0
0
0
0
1
8
0
9
0
2
17
6
2
1
44
0
5
0
37
3
0
0
0
0
0
14
0
0
5
3
0
13
0
1
7
3
0
43
0
355
2
0
1
1
0
16
2
0
1
8
7
0
3
0
2
4
1
0
18
6
0
11
45
0
1
5
0
2
0
0
1
12
0
0
1
0
2
185
0
24
1
0
0
13
0
0
4
5
4
2
2
2
1
1
3
1
13
1
1
8
18
12
4
18
0
4
2
1
0
0
5
5
8
0
1
45
0
5
0
1
0
162
2
1
5
0
22
0
2
16
0
0
0
41
18
2
47
0
3
63
2
2
39
5
2
1
29
0
20
20
38
3
0
4
243
0
1
14
84
0
1
8
12
0
0
0
1
27
3
2
1
41
0
31
12
2
8
15
54
19
1
1
0
1
1
1
0
0
0
0
0
1
0
0
1
1
0
3
0
0
107
8
2
0
0
8
2
2
0
1
1
1
0
0
1
0
1
0
3
1
58
0
1
0
0
13
18
32
1
5
7
0
0
2
4
1
0
5
1
76
8
14
10
0
0
0
0
2
6
17
2
4
1
0
1
33
7
5
30
24
101
1
2
0
0
26
1
1
1
5
1
1
43
0
23
1
1
1
36
2
0
113
7
0
15
1
0
182
6
1
4
1
0
37
77
8
1
5
44
15
4
0
4
8
12
16
1
0
11
26
1
21
0
0
12
9
1
1
0
1
1
28
49
1
7
0
31
29
2
0
3
0
7
1
11
24
1
2
0
4
2
0
20
24
2
0
1
1
3
0
17
8
25
2
164
1
0
1
1
7
1
10
6
0
0
10
0
4
9
15
1
113
0
0
0
0
1
48
5
10
28
15
15
11
4
0
110
52
0
2
3
1
0
16
16
2
8
2
0
168
5
1
13
2
24
3
24
2
4
2
3
2
5
0
1
23
7
64
59
0
51
104
92
9
11
1
2
32
0
0
3
2
1
8
1
0
3
5
1
16
8
0
10
2
15
1
0
4
0
0
0
2
6
4
1
2
0
14
14
7
40
129
2
0
0
0
22
65
7
2
3
0
0
16
2
218
1
1
0
1
9
22
1
3
5
0
3
6
31
1
2
1
12
18
1
1
1
1
5
6
1
6
3
0
0
10
0
0
1
79
155
23
12
2
166
114
54
0
16
1
0
0
0
10
81
3
10
11
1
0
1
0
1
58
26
45
0
17
0
0
0
1
0
16
1
101
7
4
5
17
4
0
0
0
1
0
0
1
1
0
0
61
2
15
0
17
0
0
0
0
0
23
0
0
951
63
6
6
409
2
0
18
4
8
0
23
2
1
2
34
1
5
3
0
1
11
0
18
30
7
0
0
0
0
4
8
62
8
32
0
7
3
0
5
6314
54
1
3
87
0
32
54
0
7
0
5
3
1
1
13
1
3
1
2
0
0
2
2
49
19
9
1
159
1
2
2
1
0
7
5
5
0
5
15
1
88
0
1
6
10
5
0
0
1
1
129
7
4
2
5
2
0
17
600
16
175
0
2
0
6
2
1
2
1
0
0
3
0
29
18
6
30
1
2
0
23
20
80
4
0
0
3552
0
8
38
0
3
0
255
35
25
0
1
1
31
9
168
0
21
4
6
3
168
25
0
21
0
1
12
120
28
4
2
9
10
7
0
1
2
5
0
0
0
6
0
41
0
167
0
6
3
7
0
6
15
1
15
4
0
2
27
5
2
4
0
2
14
3
25
797
8
0
48
0
2
5
0
35
52
0
25
0
2
32
0
12
10
0
8
22
0
0
30
0
3
0
0
0
0
0
36
64
0
2
283
0
0
0
2
3
68
1
194
0
85
19
1
0
22
22
0
5
1
1
4
72
8
0
39
1
1899
1
16
1
4
1
0
0
4
523
0
2
27
68
147
2
3
0
0
0
1
0
0
3
17
4
1
11
0
3018
0
0
2
10
5
9
0
1
27
15
85
2
0
11
2
0
0
4
4
0
4
16
8
20
0
1
23
4
1
5
8
2
8
5
15
2
81
45
6
1
0
26
0
611
6
23
4
6
6
0
0
2
0
0
4929
2
1228
0
43
0
2
3
0
0
0
1
0
7
21
8
0
5
1
1
8
13
1003
0
0
0
2
1
11
8
135
7
135
2
0
8
0
72
1
2
3
1
1
0
1
12
0
0
20
46
0
0
4
6
126
0
0
1
1
1
17
1
0
0
6
0
2
0
16
344
0
194
6
14
1
0
87
3
1
186
65
13
2
1
18
873
1
1
0
1
0
0
0
1
0
0
1
1
1
0
4
0
1
0
0
0
3
0
0
0
6
26
0
48
1384
6
0
0
1
1
0
0
2
0
10
1
0
44
0
16
6
3
0
11
2
0
0
3
19
0
0
1
0
8
19
0
0
0
52
0
2
85
76
2
1
7
90
0
0
1
23
0
7
32
3
0
10
1
1
9
1
3
69
0
1
0
3
1
0
36
1
1
8588
0
1
0
21
3
7
0
56
40
2
0
0
19
1
17
1
73
3
27
0
1
0
1
1
0
3
14
4
0
1
5
0
13
3
6
1
10
0
7
6
0
1
31
0
0
624
25
3
0
4
2
3
3
16
5
4
14397
0
0
28
12
2
69
7
16
1
12
9
1
2
31
15
1
7
0
10
0
12
15
170
0
1
1
41
3
0
9
5
12
0
28
76
2
1
66
1
0
0
0
9
0
19
1
13
0
0
4
22
1
4
0
1
8
9
15
5
15
15
8
0
0
0
3
14
2
2
71
0
1
1
1
0
2
6
1
0
1
138
1
5
1
0
4
3
6
0
2
22
643
44
20
81
1
7
81
4
5
0
1
28
5
2
11
26
1
5
1
3
256
3
0
0
0
0
1
0
12
12
0
0
8
17
0
28
0
0
3
14
1
0
115
1
0
2
0
0
3
5
3
20
11
5666
0
0
149
14
0
1
1
0
26
0
0
0
2
4
0
0
2
49
4
0
2
6
0
0
1143
26
0
0
31
5
0
2
0
0
0
2
98
1
1
3
0
6
0
0
116
8
8
20
0
7
624
3
3
0
2
0
0
0
0
1
0
4
3
0
4
1
11
1
2
1
3
10
6
1
5
25
0
0
0
2
2
0
0
14
21
30
14
47
60
1
6
3
0
94
5
1
0
25
2
105
23
1
0
47
0
3
1
0
0
0
1
0
13
2
0
20
0
0
66
0
0
38
0
0
3
0
2
0
3
27
4
4
0
4
4
5
28
0
11
8
31
298
0
9
1
1
0
36
0
0
0
11
1
0
0
96
0
1
1
1
0
0
1
9
3
3
6
0
0
0
0
0
0
2703
3
2
23
0
0
11
1
37
1
891
55
0
0
0
40
0
0
0
2
3
5
42
58
87
3
1
3
22
7
1
2
1
1
13
16
9
13
16
10
17
55
11
4
27
0
0
11
40
0
13
1
0
2564
34
0
214
0
3
0
0
0
0
11
2
14
0
0
15
82
5
5
0
4
0
6
1
2
74
8
2
87
0
4
0
0
9
0
1
2
74
17
1
74
2
0
6
6
10
13
1
8
1
22
4
1
5
1
0
11
1
33
0
0
0
0
9
37
0
0
11
4
17
98
14
55
29
3
87
0
49
188
4
0
0
2
0
21
0
76
0
1
34
33
0
0
5
0
0
0
1
0
1
0
0
30
6
0
0
7
7
0
37
5
4
0
28
0
0
1
0
14
28
1
7
0
0
1
10012
10
8
13
1
8
0
65
0
0
15
0
1
0
3
1
4
26
2
0
13
1
56
0
1
9
5
0
1
0
3
4
32
4
132
678
0
22
0
0
0
108
1
0
843
556
7
69
31
0
0
1
0
9
1
1
0
0
169
0
11
1
5
0
1
0
3
118
1
3
13
4
0
84
4
18
12
1
0
1
2
1
0
0
0
0
0
2
0
0
33
0
0
0
10
92
0
11
12
0
3
1
1
0
6
85
0
54
0
0
0
5
0
1
1
0
2
3
1
0
0
68
8
8
3
533
0
26
0
5
6
3
31
0
0
1
35
53
0
28
311
1
1
0
2
53
4
0
66
1
6
17
0
0
359
6
3
8
1
0
26
0
0
2
10
0
23
1
0
0
0
8
0
1
13
1
0
5
0
40
53
91
6
0
4
0
0
2
3
0
0
0
0
4
2
1
0
0
2
0
22
0
0
0
27
2
32
42
1
43
16
0
44
1
0
9
14
0
0
0
0
7
33
2
8
0
37
0
7
66
1
10
0
24
0
13
1
0
0
0
8
5
13
2
10
0
0
7
10
50
45
14
0
7
0
0
0
0
0
2
0
1
14
7
1
12
2
39
12
0
0
0
0
0
75
6
3
28
0
12
7
0
0
628
0
0
0
1
29
1
0
2
0
1
41
1
2
0
0
0
41
0
0
1
0
0
0
11
0
10
6
0
10
2
0
22
10
0
2
1
2
0
2
0
2
0
2
208
14
0
0
0
1
14
0
0
0
0
0
0
6
15
9
11
66
5
1
0
6
90
9
0
1
1010
0
1
31
0
1
0
53
14
20
0
26
0
0
4
5
2
2342
0
73
1
0
1
6
0
2
4
54
11
12
0
0
0
216
0
0
0
4
0
16
76
13
3
0
12
0
0
14
113
139
0
0
0
8
9
2
0
4
34
298
0
40
45
1344
0
0
0
5
1042
6
141
1
1
39
0
0
155
0
0
0
4
0
3
21
0
0
136
59
73
54
261
31
2
3
14
5
0
56
6
0
1
2
0
0
9
1
1
2
4
0
0
0
26
11
1
141
0
2
0
1
1
38
1858
48
28
5
2
1
0
1
3
4
0
13
5
10
2
0
39
3
11
0
1
0
0
0
2
50
0
0
8901
18
10
15
376
0
0
1
12
0
13
8
2
1
0
0
0
1
11
0
2
0
0
2
42
10
24
41
1
4
0
0
39
6
0
50
0
0
1
0
4
0
0
1
0
11
3
12
0
0
13
53
0
0
0
57
7
0
1
6
0
2
0
5
0
0
0
1
0
0
13
7
76
0
7
193
6
4
17
6
0
0
6
54
26
0
6
1
45
13
0
3
0
43
0
1
1
6
0
0
0
1
6
22
5
45
0
0
0
0
0
0
1
2
0
0
69
10
3
16
126
1
0
0
0
1
0
1870
56
6
32
11
39
5
0
0
44
14
0
3
29
3
0
486
26
0
5
1
0
1
0
0
10
128
0
30
22
1
0
2182
0
11
0
34
3
11
1
0
0
4
0
0
9
0
0
100
11
16
30
9
11
9
19
1
0
0
0
0
5
0
3
5
16
20
0
0
0
1
3
0
11
2
0
307
2
0
0
0
3
13
35
0
29
23
60
4
0
17
25
0
0
0
0
0
44
38
9
71
19
1
0
0
2
0
7
0
0
0
0
0
0
1
0
0
0
0
172
0
98
35
0
6
0
0
3
0
0
0
0
5
0
0
17
2
1
1
2
79
0
1
2
8
2
1
0
0
0
2
1
18
491
0
7
33
0
1
1
0
9
0
36
0
1
1
29
0
45
0
0
3
0
98
3
0
5
20
27
0
0
0
16
12
1
3
100
4
14
0
4
0
55
0
0
39
0
0
345
1
79
2
148
0
1
0
305
2
8
58
1
0
0
16
0
61
0
0
4
0
2
0
0
0
26
7
9
4
0
51
1
4
0
0
0
23
4
67
1
0
3
0
0
0
45
222
0
5
0
0
3
0
0
21
2
8
1
7
0
0
335
1
0
0
0
0
1
1
0
0
1
295
8
0
1
0
3
1
60
74
41
1
0
1
2
0
3
0
0
0
30
1
0
1
0
1
0
7
0
0
3
17
2
26
2
0
0
14
0
0
0
0
0
10
0
0
0
4
1
8
1
0
0
14
3
0
2
0
3
0
0
0
0
0
7
23
1
0
7
0
0
2
0
6
2
50
176
0
1
1
0
57
0
17
0
1
0
0
0
27
85
3
0
10
16
0
0
18
13
0
0
12
1
0
12
0
0
0
0
1
6
12
0
0
0
0
2
2
0
50
0
1
4
0
71
0
4
0
4
6
0
0
0
0
0
0
17
0
6
0
3
0
2
2
1
5
1
10
0
0
32
0
0
21
1
2
0
49
0
1
0
332
0
0
30
5
0
0
0
3
1
1
0
0
34
1
10
7
2
1
1
2
0
1
50
1
0
0
0
0
0
3
3
9
0
24
5
0
3
0
1
0
2
6
0
17
15
1
2
0
5
5
0
0
0
12
0
21
4
4
0
0
0
0
28
0
0
5
6
166
0
106
0
0
3
152
0
8
6
0
0
1
149
0
19
14
0
0
1
5
0
7
2
0
65
10
60
11
0
1
19
0
0
174
2
3
1
0
84
1
3
33
0
0
3
16
168
28
1
0
0
126
0
0
6
26
77
22
1
67
0
164
34
0
2
4
0
2
14
8
0
0
0
208
1
0
121
4
15
2
43
0
0
57
2
7
1
0
11
4
0
2
0
0
5
0
592
0
0
2
0
21
4
41
3
53
21
11
0
1
13
8
27
26
0
14
5
9
31
1
0
0
6
52
1
0
21
0
0
0
0
0
0
0
0
0
6
0
0
0
3
5
4
0
0
0
123
0
2
6
7
14
0
0
0
0
0
7
2
0
4
20
2
3
3
0
0
9
0
600
4
73
2
10
2
2
18
64
1
27
5
11
0
9
0
0
0
0
0
55
0
274
2
0
0
0
0
10
3
5
0
0
0
6
1
2
0
1
0
0
0
0
10
19
499
12
128
3
8
11
2
42
17
0
0
155
0
5
0
0
20
186
40
1
119
7
21
7
0
0
0
26
14
3
1
0
2
2
27
2
26
0
0
0
3
7
1
5
1
13
2
1
0
0
0
18
0
4
0
8
380
0
4
0
18
2
619
0
1
13
16
0
5
155
40
0
25
13
74
1
96
135
0
32
0
20
0
3
27
182
14
15
74
2
136
300
106
2
3
30
14389
0
39
0
2
6
39
1
24
0
28
9
0
11
1
5
4
2
0
0
9
3
1
0
0
14
204
0
10
0
0
0
2
2981
24
0
1
1
39
6
19
6
33
0
0
0
23
0
1
0
1
47
1
87
2
27
0
49
2
15
87
3
4
3
0
0
144
8
64
16
34
29
11
31
0
0
3
7
8
0
10
0
0
0
23
0
3
7
32
6
6
0
1
0
6
21
24
1
1
2
0
0
0
2
0
10
12
0
21
20
40
23
1
11
0
0
0
0
61
180
4
2
21
0
0
211
0
7
83
3
138
0
6
279
109
7351
0
40
0
0
1
7
5
13
3
0
58
0
35
3
135
0
57
1
0
0
0
0
1
0
0
1
13
0
0
111
36
63
3
4
1
0
1
0
62
0
0
105
554
0
1
6
0
0
0
0
219
2
2
17
6
172
10
3
6
14
0
54
1
131
5
4
31
0
7
0
0
8
484
0
2
1
22
0
0
6
0
19
22
4
0
102
0
8
2
0
173
179
0
4
1
11
0
3
0
1
15
0
0
1
207
4
0
224
105
6
0
0
259
0
48
7
0
74
0
103
0
230
8
3
0
3
0
11
31
106
6
22
0
3
62
3
2
0
27
3
0
98
0
4
1
1
0
2
15
0
0
21
330
0
2
0
37
59
1
4
0
7
1
14
0
25
0
18
0
23
1413
11
0
9
0
1
18
1
29
0
1
35
8
3
0
0
2
2
1
0
1
3
9
4
51
1
4
2
9
5
4
0
2
7
57
1
0
0
147
0
1
6
2
5
64
9
11
8
7
1
34
0
43
2
3
23
45
4
76
0
0
35
0
60
181
2
0
9
0
8
0
0
1
7
0
0
16
1
3
3
7
0
0
24
0
86
1
15
0
0
0
13
47
54
233
0
1
130
7
0
119
103
0
1
14
13
0
1
3
120
0
0
4
59
0
286
8
0
0
2
4
1
0
7
9
1
0
0
24
2
0
9
22
11
22
9
133
4
133
19
0
255
2
0
0
0
0
0
24
1
0
19
126
2
0
0
0
90
1
0
1057
0
0
10
0
0
0
1
1
1
2
63
0
372
7
0
0
0
0
2
3
1
0
2
39
0
0
0
0
0
0
279
0
0
14
0
0
1
1
12
8
2
1
2
0
58
1
20
2
0
10
2
0
2
87
0
240
0
8
0
1
30
2
58
0
0
3
0
1
6
0
0
6
0
26
0
21
0
9
0
10
33
6
0
4
0
1
7
1
0
1
0
0
0
0
0
2
0
17
0
1
0
1
1
0
2
0
0
0
0
1
2
0
2
27
1
258
0
1
1
171
13
0
0
12
0
2
0
26
29
0
0
4
0
15
1
0
0
3
1
1
22
1
0
2
2
0
0
44
0
1
1
20
0
1
3
0
253
0
6
21
1
6
0
0
23
2
0
0
1
0
1
1
0
13
1
0
10
2
22
6
0
0
8
0
0
0
1
139
0
143
1
0
0
1
0
0
0
15
2
0
248
15
0
64
4
0
9
0
28
28
0
0
0
3
30
24
0
2
66
0
0
43
7
0
1
0
2
87
4
6
8
1
31
5
1
4
24
37
1
2
