148
29
275
1
1
30
1
24
5
2
0
1
8
62
10
22
2
8
0
0
9
0
0
0
232
42
0
0
41
2
0
6
8
1
6
44
17
11
3
2
35
5
26
2
1
2
21
10
0
0
152
35
26
51
120
16
1
1
1
70
8
6
0
5
2
21
1
14
2
96
0
0
0
5
145
9
0
0
2
384
8
0
3
111
460
0
0
10
4
3
31
0
8
89
75
10
0
0
20
68
17
0
5
12
5
0
37
0
2
0
0
4
273
10
0
48
2
3
30
5
13
21
27
9
1
64
3
0
1
24
89
152
13
0
1
0
20
130
0
62
2
1
7
17
4
44
2
0
35
80
15
7
10
2
1
5
21
47
24
33
4
9
4
7
0
16
22
9
15
1
371
1
33
0
62
27
11
85
13
0
0
3
1
23
18
0
19
4
51
22
7
2
2
172
0
10
10
37
8
0
0
0
0
6
117
0
0
27
3
0
13
0
3
13
2
7
65
15
500
4
6
2
1
0
4
2
4
1
9
0
0
3
0
7
14
1
6
9
9
1
49
41
0
1
16
0
6
4
0
9
13
0
0
3
0
14
261
3
41
7
0
0
17
13
0
12
5
4
13
8
7
1
13
23
4
13
5
1
11
14
30
10
26
6
4
2
6
27
0
17
22
12
6
3
6
0
11
0
5
0
244
1
1
7
0
49
10
5
61
0
0
0
61
29
8
49
0
15
91
51
51
218
17
4
1
10
1
46
39
3
38
0
4
311
5
3
36
92
1
1
9
33
0
3
0
2
29
3
8
1
22
0
39
2
3
2
10
4
22
3
15
0
1
1
1
0
0
0
0
0
1
13
0
3
11
2
4
0
4
182
12
2
9
0
50
23
2
0
2
1
1
0
0
33
3
5
5
5
0
25
0
4
0
8
53
53
23
1
4
4
1
0
4
9
2
0
8
24
76
6
22
12
0
0
0
0
2
6
24
2
4
1
0
1
42
2
15
46
9
120
3
2
0
2
53
8
1
1
11
1
1
33
0
62
34
1
1
48
21
0
160
28
28
21
1
0
274
6
4
6
1
2
54
154
19
6
14
56
37
4
2
4
3
7
21
1
0
13
28
10
5
9
0
21
12
1
1
1
3
1
1
105
9
17
8
39
25
5
0
4
0
7
1
26
25
1
7
0
4
4
9
0
40
6
0
1
1
3
0
0
7
27
3
2
1
0
1
2
38
1
10
7
0
7
4
0
64
34
47
1
21
0
0
0
0
6
66
30
14
62
16
16
47
67
0
132
87
0
2
5
19
0
14
24
8
12
2
7
185
7
3
9
14
35
7
4
3
8
2
10
9
2
0
17
13
7
119
108
5
95
73
87
23
15
3
1
32
0
1
3
7
1
8
5
44
2
5
2
2
9
5
22
4
31
8
0
0
2
28
25
4
12
9
1
7
0
10
36
28
45
102
38
0
0
22
2
141
42
24
3
11
7
132
2
1587
1
7
0
2
20
2
7
18
24
0
20
79
67
1
4
1
34
19
11
4
3
24
21
27
1
9
3
0
5
13
0
0
0
34
213
18
47
2
60
179
112
2
2
1
0
0
4
95
201
22
19
28
1
0
1
0
4
53
40
17
0
45
0
0
0
2
0
9
3
87
14
8
5
45
4
20
0
4
86
0
0
1
1
1
1
79
3
33
0
22
0
0
0
9
126
24
0
0
2696
141
17
17
0
2
0
24
7
4
2
8
2
3
206
40
1
11
19
4
1
11
7
44
60
22
3
7
0
2
7
4
66
114
4
0
32
13
0
5
14044
141
1
3
79
3
4
67
0
5
0
3
5
58
6
24
1
11
1
16
0
0
7
2
43
19
0
4
23
1
2
4
2
0
8
1
39
9
22
71
8
154
9
25
10
16
18
0
0
16
1
75
6
11
2
7
2
1
26
625
18
179
5
5
0
30
2
1
0
2
0
1
7
0
6
9
29
20
1
11
0
30
30
8
4
0
0
8495
0
8
75
8
5
0
834
0
56
0
42
1
89
16
139
5
60
4
7
3
408
33
0
60
0
1
11
14
89
1
3
14
9
25
8
103
5
8
0
0
1
2
0
45
1
1131
0
16
4
25
3
9
6
1
73
10
6
8
40
8
3
2
1
0
66
33
53
2967
23
0
85
25
119
8
0
7
50
0
33
3
2
47
0
12
8
0
70
13
0
0
77
36
6
0
2
0
0
0
29
274
0
2
816
0
0
0
8
0
1
1
438
2
417
19
0
0
20
232
0
64
4
3
7
87
9
1
56
18
3260
1
19
1
2
14
0
7
6
1309
0
14
51
70
167
2
1
0
0
2
1
0
0
3
61
3
1
8
14
5518
0
0
20
6
18
29
10
5
71
74
95
5
0
30
10
0
0
1
38
0
4
22
302
57
10
2
98
4
1
6
4
15
6
6
2
6
42
90
6
1
0
67
0
2694
5
66
2
32
32
0
4
4
0
1
6310
2
1658
0
380
0
2
3
0
0
0
1
0
0
19
27
0
9
0
1
8
16
2485
0
0
1
4
6
25
60
238
6
411
1
0
21
0
0
4
7
14
2
20
0
4
19
4
0
5
17
1
0
6
54
1047
0
0
1
2
3
25
1
0
2
3
3
41
0
32
1034
0
2412
72
20
4
0
245
4
1
92
30
25
2
1
41
2804
1
3
0
13
0
0
7
1
0
1
6
1
1
1
6
0
0
0
0
0
9
0
0
0
3
34
2
28
3746
11
0
8
1
2
0
12
2
0
14
1
0
51
0
11
18
8
0
30
1
0
0
0
21
0
9
3
40
15
111
0
0
2
21
0
8
4
36
1
4
11
74
0
3
1
158
25
14
13
38
0
10
5
6
32
14
3
21
0
5
8
6
5
1
183
5
1
17156
8
3
0
17
30
4
0
109
1
2
0
2
35
1
27
1
145
7
56
0
0
0
1
1
0
12
14
4
12
1
3
1
14
75
5
1
31
0
8
16
4
3
26
0
8
1003
30
4
4
4
2
3
3
14
23
6
5339
0
0
98
24
5
131
8
46
1
106
17
6
8
25
20
1
14
1
5
0
14
12
299
0
1
0
210
3
2
9
7
25
0
36
79
0
1
82
10
1
2
0
18
12
121
2
19
1
0
85
22
14
10
0
1
14
4
45
82
29
16
101
0
0
0
1
52
6
1
93
0
2
2
8
26
2
5
1
0
5
345
1
14
3
0
11
4
3
0
2
99
816
15
16
140
1
17
116
4
0
1
16
25
40
1
25
27
1
11
1
8
142
3
0
0
0
0
12
0
20
19
0
0
25
28
0
35
1
0
9
31
1
6
158
1
0
2
0
0
2
6
63
30
15
8226
0
7
175
16
0
1
1
0
30
1
1
1
2
6
5
0
8
12
5
4
1
5
0
0
7084
20
0
21
32
12
0
15
0
0
5
21
141
3
1
16
0
9
0
0
158
6
3
0
0
10
4664
12
208
0
6
0
0
0
0
34
2
4
5
12
6
27
25
2
7
0
22
0
6
4
13
25
20
0
0
7
15
0
0
24
57
93
37
2
59
1
20
3
0
46
19
52
29
40
7
21
30
21
0
178
0
19
7
0
0
0
1
0
13
7
3
32
0
0
326
0
0
44
0
5
3
1
2
0
8
69
11
14
0
4
13
12
77
0
48
7
21
301
0
6
7
2
0
29
0
0
0
11
12
1
0
130
0
2
8
4
0
3
3
24
5
3
8
0
0
0
0
0
0
4386
5
2
22
0
0
24
13
54
5
0
123
0
0
0
86
19
20
0
2
5
13
414
85
184
6
2
13
23
9
1
1
1
4
20
67
22
33
18
19
29
123
43
6
47
0
0
42
87
2
24
5
0
11573
40
0
452
0
25
0
0
0
6
42
2
45
10
14
36
89
6
6
0
9
1
16
3
2
193
8
7
101
0
4
0
0
22
8
1
8
91
24
1
91
1
14
13
6
9
50
35
59
1
26
6
1
8
1
0
16
1
21
22
0
27
0
34
59
0
0
24
9
29
151
13
123
25
0
184
0
3
195
33
0
4
2
0
23
0
48
0
1
15
37
0
0
5
0
0
0
1
0
1
10
10
54
9
0
0
7
5
0
32
5
11
0
33
0
7
2
0
0
27
1
7
0
0
0
9982
14
16
42
1
14
0
30
0
0
15
0
1
0
3
1
21
18
8
55
25
1
165
0
8
7
5
3
1
1
4
13
63
60
184
1067
0
29
0
18
0
467
3
0
1537
776
9
71
150
0
0
10
0
9
1
1
0
0
1
0
13
1
2
0
6
0
0
120
1
4
13
16
0
272
4
18
7
1
0
1
2
3
1
0
0
38
0
2
1
0
180
0
0
0
10
92
0
18
12
0
1
1
5
0
24
106
0
44
0
4
0
20
0
1
3
0
5
8
1
0
0
239
18
8
29
648
0
26
0
56
16
5
37
0
0
3
53
35
0
28
480
6
7
6
3
35
3
0
192
4
34
50
0
0
1863
10
3
14
1
0
328
0
0
2
97
0
54
199
0
0
0
18
0
1
20
1
1
7
0
66
301
105
7
1
3
0
0
3
12
0
0
0
0
3
2
1
0
13
2
0
22
0
0
0
69
4
13
49
2
36
56
0
60
1
17
18
7
0
0
0
0
6
32
2
17
0
32
0
31
41
1
31
0
40
5
15
187
0
46
0
71
4
18
25
13
6
1
25
11
38
48
4
0
9
0
0
0
0
6
2
0
1
26
47
40
51
8
31
16
0
0
0
0
0
81
28
7
45
0
21
32
0
0
13
0
0
0
1
21
8
0
2
1
9
55
1
8
0
0
0
35
0
0
1
0
0
22
25
0
17
1
0
9
6
0
0
16
0
2
9
1
0
3
0
4
0
3
53
2
0
0
0
20
27
0
0
0
0
0
0
7
21
11
1
423
7
2
0
20
1
43
0
15
900
0
1
54
0
1
0
95
10
20
0
9
0
0
47
5
2
1384
0
212
7
0
1
22
0
24
10
87
1
13
0
0
0
356
0
0
0
4
0
51
212
15
3
0
29
0
7
29
186
12
0
0
0
2
16
7
0
4
44
144
0
9
5
3698
0
0
0
7
9
36
2
2
1
43
1
0
197
0
0
0
12
2
25
1
0
116
0
156
12
38
309
31
2
3
48
7
0
77
18
0
50
2
0
45
12
3
1
5
9
0
0
0
234
156
16
99
0
2
0
1
1
34
2473
34
49
106
1
9
0
7
6
4
0
159
11
42
5
5
84
5
15
0
3
0
0
0
0
197
0
0
11547
8
28
21
173
0
0
1
6
0
45
12
6
5
0
0
0
4
24
0
2
0
0
2
12
31
54
167
1
12
0
0
59
11
0
90
0
0
1
3
7
0
0
1
0
18
2
11
0
0
15
17
0
0
0
139
12
0
2
10
0
18
0
5
4
0
0
22
0
28
19
19
56
0
5
175
13
13
54
21
0
13
10
35
26
0
6
2
80
37
8
4
0
56
0
0
94
10
0
0
0
1
2
20
26
60
1
0
0
0
0
0
1
2
0
0
48
27
6
25
126
64
0
4
0
2
0
887
141
7
39
0
87
17
0
2
244
46
0
1
31
7
0
6
16
0
0
4
0
26
0
0
19
177
0
65
69
0
0
48
0
281
0
64
1
12
1
0
0
5
5
6
0
0
38
238
26
23
33
9
18
44
33
1
0
0
0
1
22
0
28
6
18
15
0
0
0
0
15
0
14
2
0
659
2
120
0
0
4
13
16
5
93
166
132
7
0
9
36
0
0
0
0
0
58
42
11
738
85
2
0
0
2
0
1
0
0
9
0
0
0
1
0
0
0
0
98
0
172
5
2
7
0
0
13
0
0
0
2
3
0
0
243
13
1
1
2
145
0
1
3
0
2
0
10
0
0
2
1
65
574
0
12
63
0
1
5
0
13
0
114
0
18
1
12
1
46
0
0
134
0
172
5
0
16
45
33
7
0
0
22
3
1
11
129
4
20
0
2
3
29
0
0
49
1
0
661
1
178
6
88
0
1
0
156
2
10
565
1
0
0
20
0
67
0
1
6
0
4
0
0
42
33
10
7
9
0
52
24
1
0
0
0
73
24
125
1
0
2
2
0
0
24
266
0
68
0
0
3
0
5
60
10
8
1
11
0
0
1775
1
0
0
0
0
1
3
0
0
4
113
17
0
1
0
37
4
158
190
12
0
0
7
14
0
5
0
0
0
8
2
0
1
2
1
0
24
0
13
3
16
11
26
2
1
0
21
0
0
0
0
0
13
0
0
0
6
2
12
2
0
0
146
8
0
1
0
5
0
0
0
0
0
7
39
18
0
16
0
0
24
0
6
2
113
458
0
2
1
3
115
0
66
0
1
0
1
0
31
90
13
0
180
28
0
0
35
32
0
0
58
1
0
24
3
0
0
0
4
2
2
0
0
0
0
10
1
0
207
0
1
13
0
71
0
8
0
27
8
0
0
0
0
0
1
18
0
10
0
10
0
2
2
1
79
1
13
0
0
46
0
3
8
1
14
0
106
0
2
10
308
0
0
50
7
0
0
0
20
11
5
0
0
63
2
86
14
1
3
1
3
11
1
131
6
0
0
0
0
0
3
16
18
0
11
14
11
5
0
1
0
2
6
0
33
15
2
4
0
1
6
0
0
0
72
0
32
0
7
0
0
0
3
16
4
0
101
13
1264
0
639
0
0
4
172
0
18
54
0
0
1
171
0
52
19
0
0
2
10
0
15
9
15
125
6
156
71
6
1
26
0
0
255
0
3
15
1
105
1
3
86
0
0
32
22
201
25
1
0
0
159
0
5
10
7
216
0
14
212
0
675
38
4
4
4
0
4
2
8
9
0
0
26
1
0
227
2
48
0
147
3
0
58
2
1
18
0
11
8
0
4
0
0
2
0
13275
0
0
10
5
40
15
35
8
244
63
12
0
1
46
65
85
20
0
13
9
16
76
1
5
7
26
28
1
1
82
0
6
0
0
0
4
0
0
4
7
0
4
3
1
3
9
0
0
0
210
0
2
18
157
24
0
0
0
17
1
15
2
4
13
27
22
3
28
0
0
54
0
714
24
36
3
0
3
18
23
185
1
53
5
28
0
13
0
0
0
0
0
36
16
35
2
0
0
1
0
42
8
4
0
0
10
13
2
0
0
10
1
0
1
0
33
44
1112
8
124
4
18
64
2
39
32
0
0
124
0
30
0
0
14
179
4
2
172
8
75
108
0
0
0
25
40
8
1
0
3
4
27
2
38
0
8
0
3
14
0
36
8
39
11
1
0
0
0
24
0
4
0
13
329
0
9
0
85
2
309
0
4
196
25
0
6
57
7
0
25
19
0
6
160
358
1
31
0
23
0
18
46
165
23
47
96
6
23
113
144
5
3
33
5729
0
70
0
6
9
81
6
39
0
35
19
0
20
1
12
7
3
0
0
9
4
1
0
0
29
465
4
44
0
0
0
20
3190
31
2
1
1
211
26
124
77
9
6
6
0
26
0
11
0
1
19
1
73
4
41
0
54
4
18
88
3
8
14
0
0
6
6
581
47
14
41
90
43
0
3
10
196
9
7
13
0
7
0
57
29
3
14
74
20
9
0
16
1
8
24
54
1
1
0
0
0
0
5
0
20
44
0
15
26
43
30
0
18
0
0
0
0
346
2
9
2
18
0
0
139
0
9
45
3
33
0
8
364
100
37
0
83
0
0
1
11
1
42
19
0
512
0
25
10
77
0
105
1
0
0
0
0
1
0
6
1
66
1
0
300
15
11
9
4
1
0
3
0
332
0
0
94
1481
0
1
9
0
0
0
0
965
3
5
0
5
387
7
6
3
20
0
43
1
120
19
5
69
0
23
0
2
26
54
0
12
12
88
0
3
7
0
30
22
7
0
90
0
0
2
0
203
206
0
13
2
0
0
7
0
1
28
0
15
1
355
1
0
221
537
7
1
30
297
0
63
23
8
76
0
79
0
41
23
3
0
4
2
83
33
45
6
29
0
6
154
7
2
2
40
40
0
100
0
6
4
23
0
8
33
0
0
30
363
0
14
0
110
54
4
6
0
11
2
14
0
73
0
17
0
180
1396
362
2
78
0
1
35
8
42
0
1
54
23
3
0
0
5
20
1
0
25
2
6
4
54
6
19
6
9
44
14
0
7
51
227
1
0
16
505
0
3
6
2
12
204
5
17
30
43
1
49
0
128
2
6
28
339
3
71
0
0
69
0
77
25
2
0
71
0
4
0
0
1
9
0
0
118
8
15
4
7
0
0
78
0
17
5
25
0
0
4
1
150
84
413
0
3
1214
1
0
294
210
1
7
29
16
0
1
13
13
0
1
6
182
0
419
18
0
2
4
14
1
1
12
14
11
0
0
9
2
0
28
54
19
1
12
213
13
253
22
0
134
23
0
0
0
0
0
248
16
0
58
260
4
3
16
0
567
1
0
729
0
0
130
0
5
0
1
0
6
10
19
0
222
29
0
0
0
0
9
12
1
0
14
38
0
0
3
0
0
0
979
6
0
35
0
0
1
1
35
25
2
5
2
0
76
1
19
4
0
27
5
0
2
92
0
402
0
7
0
10
54
36
75
0
0
6
0
4
3
0
0
8
0
35
4
36
4
53
0
3
350
6
0
4
3
2
22
5
0
3
0
0
0
0
0
6
0
13
0
2
0
62
1
0
130
0
0
0
0
1
8
0
2
155
0
597
0
2
1
182
1
0
0
36
26
2
0
70
13
0
0
10
4
18
1
0
29
4
13
3
62
3
0
0
2
0
0
121
0
0
1
63
0
12
1
0
1125
0
21
27
1
8
0
0
27
2
0
3
1
0
30
10
0
32
1
0
21
8
87
8
0
0
9
0
0
0
2
148
0
103
3
0
0
4
0
0
0
4
2
0
452
23
7
39
13
0
12
0
183
183
0
0
5
4
42
44
6
2
72
0
0
95
9
5
11
2
9
33
21
16
10
9
53
20
1
38
26
42
1
3
