1
3
1
1
1
1
1
1
1
9
1
2
1
0
3
1
0
1
3
2
0
1
0
1
2
1
1
1
1
6
2
1
1
0
2
1
1
2
1
1
1
1
1
1
1
3
1
1
1
0
0
1
2
1
1
14
1
1
3
2
0
0
5
3
3
4
7
1
2
1
0
1
0
1
1
0
1
0
0
4
3
1
3
0
3
0
0
0
0
2
5
1
1
2
0
4
0
0
9
1
3
6
3
1
2
1
2
8
0
0
1
4
0
2
20
0
1
4
2
1
2
1
1
1
1
1
1
2
2
1
1
10
4
9
1
1
1
2
1
4
0
5
5
1
1
1
2
0
21
2
1
0
1
0
0
1
2
0
0
1
1
1
0
0
0
1
3
0
1
1
3
2
3
6
5
10
1
1
1
2
1
1
0
1
0
1
23
4
1
2
1
0
1
2
5
2
1
1
10
4
7
1
1
0
1
1
1
2
1
1
1
7
10
1
0
1
3
0
30
1
16
1
1
1
1
1
1
1
3
1
1
3
1
5
4
14
7
1
15
3
2
9
5
2
3
1
0
0
0
1
1
3
1
1
1
2
0
1
1
2
0
1
1
1
15
0
1
3
3
1
1
1
2
1
1
1
2
1
4
2
16
4
1
2
1
1
0
0
3
3
1
0
1
1
1
0
0
1
0
0
1
1
1
0
1
1
3
1
2
2
2
1
2
0
1
1
3
1
1
1
0
67
1
1
1
2
3
1
3
0
3
4
4
4
1
3
1
3
6
1
4
2
6
1
4
3
1
0
3
1
7
2
14
2
2
25
0
1
3
1
0
0
13
1
2
1
1
3
1
1
1
0
2
0
8
9
1
2
4
1
0
2
1
1
0
1
2
1
1
0
0
3
1
6
1
0
0
1
1
2
0
3
1
3
3
9
9
1
1
1
0
4
2
1
7
0
0
1
0
2
1
8
0
0
3
1
6
1
0
68
1
1
14
1
1
1
168
1
1
1
1
1
2
7
2
1
6
1
8
1
0
4
1
3
0
1
9
0
0
0
1
1
1
1
1
3
2
2
0
3
3
0
1
1
15
2
35
0
15
1
2
1
1
14
1
4
1
5
2
0
5
1
1
2
5
1
0
2
1
1
1
1
2
2
0
2
1
26
1
0
0
0
1
6
1
0
3
1
1
1
1
2
0
0
1
1
8
0
1
2
1
1
1
1
3
0
1
1
1
0
7
0
4
3
9
8
8
1
2
3
3
1
5
0
3
23
1
2
7
1
1
0
0
3
1
2
1
3
2
1
2
1
2
1
1
7
5
3
5
11
12
0
2
1
1
2
0
0
1
1
2
1
8
2
1
1
12
7
1
1
6
1
1
4
0
0
1
8
3
1
1
1
8
1
1
4
0
0
2
1
9
2
3
8
0
0
1
1
2
9
1
0
2
0
6
2
1
2
1
16
1
1
1
8
1
8
1
0
3
1
0
0
2
1
8
1
3
1
1
6
1
2
1
3
1
1
2
1
5
1
2
1
0
4
4
8
3
0
1
1
1
2
4
2
1
5
4
1
1
1
3
1
1
1
4
1
2
0
3
0
1
2
6
1
1
0
3
1
0
5
0
0
1
1
3
1
1
3
1
1
1
1
4
1
1
1
10
1
1
3
1
0
0
2
1
3
3
0
0
1
1
1
0
1
9
2
3
1
0
1
1
3
7
3
1
0
0
3
1
1
6
1
1
4
1
1
5
2
3
13
0
1
3
1
3
2
2
2
9
0
2
1
1
1
1
6
1
2
1
3
5
0
1
5
1
1
1
1
3
1
1
1
5
1
12
0
7
2
4
4
0
3
4
1
1
35
3
1
1
2
1
1
1
1
2
1
23
0
0
1
1
5
0
0
0
1
1
0
0
1
1
1
1
0
2
1
0
1
0
1
0
0
1
0
0
2
0
0
1
0
0
36
1
0
2
0
0
5
1
2
1
4
3
1
1
1
7
1
1
1
5
1
1
2
1
1
2
2
7
0
37
1
3
37
32
1
2
0
0
0
1
0
1
1
0
0
1
0
2
1
4
5
2
1
2
1
1
6
4
1
0
0
0
0
1
5
0
0
0
1
0
2
2
0
4
2
20
5
2
0
2
2
4
4
0
0
0
5
28
5
0
7
1
0
0
5
2
5
1
0
0
3
1
0
0
2
4
0
1
1
3
0
1
3
4
3
0
0
1
0
11
1
0
0
5
2
0
0
2
1
6
2
2
7
1
15
0
0
0
3
1
1
0
0
3
0
0
0
1
1
1
1
0
1
0
1
4
3
0
1
1
0
0
1
0
8
6
4
0
0
1
2
1
1
0
5
0
0
0
9
5
4
0
0
0
129
7
1
6
1
4
1
1
1
3
0
1
3
0
0
0
1
2
5
1
2
1
0
2
1
0
2
1
2
1
0
0
0
0
0
3
1
0
2
1
0
1
1
0
1
1
4
3
1
1
1
2
17
1
0
0
0
0
2
2
2
4
1
0
0
1
0
1
0
0
1
0
0
2
50
1
1
1
4
2
3
2
1
0
1
3
2
6
0
0
3
0
1
1
1
2
1
5
1
1
2
4
1
0
3
0
3
5
1
1
0
0
1
1
8
1
11
1
9
3
1
4
3
1
0
2
2
0
1
0
4
3
2
1
0
0
0
1
3
1
2
2
0
4
0
1
1
3
0
0
0
11
2
17
1
1
1
2
4
1
5
0
3
1
9
1
0
5
2
1
1
3
1
0
9
0
0
0
0
6
10
0
2
2
3
0
3
1
2
0
11
0
0
1
1
2
1
0
2
0
0
1
0
0
0
1
3
1
1
1
0
0
1
0
0
1
0
0
0
1
3
0
0
2
14
2
0
5
0
0
2
7
1
0
2
1
1
5
1
10
2
0
0
7
1
0
0
1
1
0
2
1
17
1
25
1
5
2
0
5
0
11
4
0
9
0
1
1
3
1
2
1
0
0
0
1
3
0
0
0
0
0
1
1
0
1
2
1
0
2
1
4
74
0
8
3
0
0
2
0
1
8
3
0
5
0
7
0
0
0
0
0
1
1
2
3
0
0
5
1
9
3
3
11
28
0
21
4
0
1
4
1
0
0
1
1
0
1
0
1
0
1
1
1
2
2
1
1
1
1
3
1
1
0
1
0
1
2
0
0
2
0
2
1
1
3
1
1
26
1
1
1
0
1
1
2
1
1
2
1
0
0
0
1
0
1
1
9
0
2
1
1
3
0
2
0
2
0
1
3
1
0
5
0
1
0
3
1
2
0
5
0
1
1
1
3
0
2
3
1
20
4
1
0
0
1
0
1
0
8
1
1
0
5
1
1
0
1
3
3
1
1
0
4
10
0
4
3
1
7
0
1
0
4
8
0
1
3
12
0
4
0
13
0
1
0
4
0
1
2
1
2
0
0
2
4
1
0
0
4
9
6
1
1
2
0
1
3
0
1
0
0
4
2
1
12
1
7
1
2
1
0
3
7
116
0
2
0
4
4
1
6
13
1
2
0
2
8
26
2
4
1
1
1
1
1
9
1
1
1
5
22
7
3
3
4
4
3
3
1
2
6
3
1
8
1
5
1
2
1
1
1
1
2
2
0
1
0
3
4
4
1
0
1
3
3
6
2
10
1
0
4
2
7
1
2
1
0
7
0
10
3
27
0
1
15
2
1
0
1
6
0
0
1
4
0
0
2
0
2
1
0
1
0
3
1
10
1
1
1
1
3
5
1
1
0
2
0
1
2
0
0
4
0
2
1
0
11
7
1
3
0
8
2
0
0
9
1
0
2
0
5
6
0
10
41
13
5
5
2
2
1
3
2
2
1
0
1
1
0
16
0
1
6
1
1
1
7
2
1
8
1
2
2
3
3
6
1
1
0
4
0
1
1
1
1
14
3
7
0
3
0
3
5
1
4
0
0
1
1
2
7
1
1
1
1
4
0
12
1
4
5
12
3
0
0
0
3
2
5
0
1
3
0
1
5
4
5
2
0
1
0
1
0
2
1
6
4
3
0
4
0
0
4
0
3
1
1
2
4
8
0
8
2
1
1
3
3
1
1
0
0
1
1
0
1
3
11
0
1
1
2
0
1
1
1
1
0
27
9
8
2
1
2
0
1
5
0
6
5
2
7
0
1
1
2
4
2
0
0
0
3
3
1
2
1
0
1
3
0
0
0
16
2
3
25
1
7
15
2
5
2
4
6
0
1
0
1
2
2
0
1
2
1
8
0
4
2
1
43
3
1
0
1
13
0
0
0
0
14
0
4
1
2
8
1
1
1
6
1
0
1
