5
9
4
4
5
1
1
0
21
209
2
4
2
0
7
1
0
2
33
15
0
1
0
1
2
1
1
6
0
21
7
1
1
0
3
1
0
2
11
2
1
1
0
1
1
3
5
2
12
0
0
3
10
1
1
97
0
10
14
9
0
0
45
3
38
14
77
5
3
2
0
2
0
0
2
0
0
0
0
24
67
2
16
0
13
0
0
0
0
7
8
3
1
4
0
14
0
0
45
1
18
161
13
5
57
2
3
18
0
0
1
6
0
1
104
0
25
16
19
12
5
1
2
1
1
1
5
5
2
3
1
17
16
25
2
3
3
1
1
8
0
43
9
8
3
12
35
0
77
18
5
0
2
0
0
21
11
0
0
1
0
1
0
0
0
0
3
0
1
0
2
7
20
27
38
64
8
4
2
5
1
1
0
0
0
0
128
7
3
6
2
0
1
8
7
7
1
1
35
5
14
3
1
0
2
6
0
1
7
1
7
28
31
0
0
10
2
0
225
1
283
3
1
3
1
1
1
1
5
0
3
11
15
0
377
80
69
1
104
6
5
17
29
1
17
1
0
0
0
4
1
38
3
2
0
2
0
2
0
42
0
3
11
1
103
0
1
24
205
0
9
2
10
16
3
1
0
2
2
2
70
110
1
1
18
0
0
0
8
0
2
0
2
1
0
0
0
2
0
0
1
3
16
0
16
1
202
1
7
8
4
3
3
0
3
24
177
4
2
1
0
158
5
56
15
2
7
1
15
0
15
316
44
285
1
62
3
234
17
1
23
1
19
53
58
6
3
0
4
0
28
11
7
51
3
1637
0
1
5
1
0
0
140
1
3
1
9
5
9
2
1
0
5
0
42
44
20
0
51
1
0
12
0
20
0
0
35
3
4
0
0
2
3
21
1
0
0
0
1
3
0
16
1
6
5
33
33
2
2
2
0
33
3
1
22
0
0
5
0
16
2
50
0
0
19
3
12
0
0
68
1
1
8
2
4
1
0
0
1
1
3
0
7
95
3
1
107
13
37
1
0
28
1
37
0
0
218
0
0
0
1
2
2
1
2
10
6
15
0
13
19
0
2
0
112
3
2834
0
89
4
6
1
7
129
2
21
1
20
13
0
8
11
4
2
5
2
0
0
0
5
8
15
8
2
0
2
10
358
4
0
0
0
3
12
0
0
14
1
1
0
2
3
0
0
0
1
3
0
2
0
1
0
1
0
3
0
1
1
0
0
18
0
0
5
54
3
55
3
12
13
13
1
83
0
0
187
3
12
5
0
0
0
0
1
4
2
2
2
20
0
2
4
0
4
5
9
10
10
39
2
24
0
5
0
0
2
0
0
0
0
44
0
39
1
0
1
44
18
0
1
35
1
0
3
0
0
9
69
0
0
0
1
6
0
1
29
0
0
40
5
6
4
12
33
0
0
1
2
12
16
3
0
6
0
46
0
1
2
1
95
1
2
0
51
1
6
3
0
20
1
0
0
4
0
11
2
9
2
1
20
4
1
3
10
17
1
79
9
32
2
4
3
0
22
13
14
5
0
2
2
0
7
125
6
1
11
10
1
1
6
6
0
28
0
17
1
6
0
5
0
3
12
11
2
1
0
5
0
0
10
0
0
1
1
1
2
0
21
1
0
3
15
29
2
1
1
51
1
4
8
0
0
0
11
1
19
6
0
0
0
1
1
0
2
9
8
517
3
0
1
1
49
20
5
1
0
0
2
0
0
19
0
0
14
1
9
47
0
40
113
0
27
9
1
26
1
2
1
9
0
5
7
0
4
7
12
1
9
1
2
39
0
0
8
1
2
1
0
1
11
4
8
7
0
41
0
5
5
5
31
0
0
41
1
1
57
26
12
1
42
2
2
3
38
3
1
69
0
0
2
3
264
0
0
0
5
3
0
0
1
0
1
0
0
13
3
0
2
0
7
0
0
7
0
0
8
0
0
1
0
0
418
1
0
3
0
0
47
7
3
17
7
3
0
4
4
29
2
1
3
34
23
8
6
7
1
17
9
14
0
431
6
33
431
426
1
31
0
0
0
2
0
3
2
0
0
2
0
2
2
6
126
4
0
112
18
55
41
21
18
0
0
0
0
2
90
0
0
0
7
0
64
3
0
33
3
59
10
11
0
6
1
19
33
0
0
0
1
576
105
0
23
3
0
0
28
83
11
5
0
0
5
58
0
0
4
132
0
1
1
42
0
43
18
42
1
0
0
1
0
21
3
0
0
20
1
0
0
0
2
89
1
5
12
0
465
0
0
0
2
6
7
0
0
6
0
0
0
2
1
1
26
0
2
0
5
314
3
0
71
1
0
0
0
0
102
16
179
0
0
0
7
25
3
0
2
0
0
0
694
5
50
0
0
0
67
19
118
213
2
9
1
0
1
46
0
1
41
0
0
0
4
5
45
15
67
4
0
5
4
0
0
0
17
8
0
0
0
0
0
6
5
0
2
1
0
5
3
0
1
0
11
7
0
2
2
5
519
1
0
0
0
0
5
9
5
12
1
0
0
1
0
10
0
0
7
0
0
9
289
4
2
4
17
1
4
6
2
0
0
29
0
15
0
0
144
0
1
2
1
3
26
43
1
1
60
1
3
0
3
0
28
54
1
35
0
0
1
2
554
1
47
9
71
10
1
18
14
1
0
1
13
0
1
0
11
24
16
7
0
0
0
1
0
3
2
1
0
70
0
7
1
12
0
0
0
25
1
77
5
4
1
15
17
41
108
0
12
1
29
53
0
134
1
6
1
70
0
0
30
0
0
0
0
77
25
0
11
3
8
0
11
1
2
0
131
0
0
64
1
33
9
0
2
0
0
5
0
0
0
1
7
3
22
3
0
0
6
0
0
2
0
0
0
18
21
0
0
20
284
0
0
16
0
0
2
8
2
0
13
0
23
3
3
439
2
0
0
25
1
0
0
1
1
0
26
6
75
3
54
0
5
2
0
29
0
15
4
0
184
0
16
1
41
30
2
4
0
0
0
4
1
0
0
0
0
0
6
2
0
7
0
2
0
12
16
4
2167
0
89
10
0
0
20
0
1
39
4
0
14
0
96
0
0
0
0
0
12
1
3
15
0
0
11
0
78
16
80
10
87
0
98
22
0
3
10
0
0
0
1
0
0
2
0
2
0
1
2
1
45
47
5
3
10
1
30
3
10
0
2
0
1
0
0
0
14
0
13
1
0
15
2
1
405
2
8
7
0
3
6
120
1
10
36
1
0
0
0
1
0
4
2
350
0
10
9
2
6
0
9
0
4
0
2
4
1
0
54
0
10
0
28
6
12
0
56
0
3
3
3
12
0
12
10
3
159
24
30
0
0
1
0
0
0
109
14
0
0
4
6
5
0
2
8
7
1
3
0
5
47
0
22
7
20
12
0
6
0
14
11
0
0
59
39
0
138
0
824
0
6
0
35
0
5
193
24
23
0
0
17
3
1
0
0
27
57
12
41
4
27
0
1
8
0
3
0
0
55
75
2
175
2
230
3
2
13
0
7
17
440
0
14
0
127
6
1
16
571
2
21
0
0
227
251
3
30
4
6
42
1
1
28
0
0
28
31
55
151
98
17
10
46
3
41
1
4
120
8
1
663
27
44
1
5
6
8
0
0
8
15
0
1
0
57
70
22
0
0
1
5
31
24
8
385
1
0
6
43
180
1
20
15
0
10
0
57
35
297
0
3
32
3
3
0
2
117
0
0
2
18
0
0
26
0
1
11
0
1
0
10
11
276
0
1
6
2
7
238
12
2
0
4
0
8
4
0
0
128
0
9
0
0
557
120
9
4
0
138
0
0
0
95
1
0
1
0
164
80
0
81
265
153
101
20
3
2
53
61
4
2
1
0
4
17
0
76
0
2
68
2
4
3
36
3
1
18
2
77
2
17
13
23
2
3
0
84
0
1
1
2
2
222
9
54
0
21
0
5
9
2
34
0
0
4
2
51
371
3
2
4
2
11
0
123
2
36
47
71
17
0
0
0
16
12
9
0
4
38
0
6
62
4
88
5
0
1
0
2
0
13
1
28
2
3
0
28
0
0
24
0
6
1
2
46
15
36
0
4
6
1
2
3
60
1
2
0
0
22
2
0
7
37
33
0
1
1
4
0
2
1
111
3
0
58
65
104
4
1
1
0
9
18
0
131
2
5
13
0
1
2
2
56
8
0
0
0
24
4
1
2
4
0
3
8
0
0
0
2
32
8
198
32
21
28
2
48
481
23
26
0
1
0
1
26
37
0
1
26
8
52
0
3
2
15
208
3
19
0
6
160
0
0
0
0
80
0
109
1
33
81
6
1
3
15
1
0
1
