5
8
4
3
4
7
1
8
41
346
8
5
2
0
35
1
0
2
50
19
0
1
0
1
6
1
1
12
4
280
7
1
2
0
9
1
5
6
13
4
1
1
1
1
3
34
10
2
24
0
0
3
7
1
1
95
1
13
3
16
0
0
40
14
62
22
71
7
14
4
0
1
0
4
4
0
6
0
0
38
83
2
16
0
63
0
0
0
0
2
23
13
1
16
0
48
0
0
39
1
6
150
33
6
54
2
13
57
0
0
17
8
0
2
255
0
82
10
13
16
7
8
38
1
4
1
1
5
5
20
1
191
39
78
5
3
10
2
2
10
0
30
21
12
1
8
18
0
98
35
2
0
1
0
0
22
16
0
0
1
9
3
0
0
0
2
5
0
1
1
19
10
30
12
47
35
35
0
2
5
5
3
0
1
0
2
123
34
3
11
3
0
2
6
15
10
4
1
85
11
38
4
1
0
1
1
5
8
19
1
18
120
96
2
0
16
17
0
583
0
303
2
1
11
5
1
1
3
8
5
3
0
35
5
110
81
55
1
196
7
8
68
4
2
26
1
0
0
0
8
2
27
10
7
4
2
0
0
1
21
0
2
9
1
118
0
2
17
333
1
2
63
9
12
3
1
3
1
31
2
42
15
8
4
31
1
0
0
1
8
2
0
4
1
1
0
0
2
0
0
1
5
44
0
44
1
317
1
11
10
14
8
4
0
4
2
0
9
2
2
0
144
27
88
136
21
5
1
23
0
67
23
285
44
18
38
31
19
35
1
316
2
28
30
129
6
5
0
9
1
24
33
14
68
35
57
0
1
5
1
0
0
387
3
3
1
8
18
12
4
1
0
11
0
45
169
22
8
9
0
0
7
22
38
0
2
170
5
9
0
0
37
0
19
6
0
0
2
9
51
0
3
10
7
25
4
4
4
4
9
0
31
3
7
30
0
0
5
0
20
25
59
0
0
13
1
22
1
0
68
1
1
53
2
5
1
169
3
2
2
0
3
7
138
14
14
105
13
53
1
0
32
3
15
0
4
294
0
0
0
1
3
2
1
9
3
6
14
0
16
8
0
9
5
136
1
1507
0
238
18
6
1
0
413
0
12
1
40
29
0
21
14
7
2
5
13
0
10
2
15
4
5
16
2
0
2
10
615
8
0
0
0
1
22
12
0
19
1
2
4
5
3
0
0
1
1
59
0
15
6
1
2
1
5
10
0
1
0
2
0
50
0
40
47
55
55
3
1
10
10
10
22
116
0
30
395
1
10
15
4
6
0
0
16
40
10
4
55
5
1
2
18
22
8
1
39
11
28
123
15
25
0
11
2
2
2
0
0
8
4
3
5
58
3
2
3
112
20
1
4
39
3
1
37
0
0
4
81
3
1
1
1
10
1
4
37
0
0
51
5
25
8
42
13
0
0
1
2
9
16
3
0
26
0
42
8
4
21
1
87
1
2
3
61
1
24
1
0
14
1
0
0
4
1
47
2
9
1
2
25
4
1
3
37
52
3
95
5
52
4
5
13
0
2
28
107
62
0
2
2
16
8
180
7
3
88
24
0
1
0
9
30
0
7
56
2
13
0
62
0
20
11
32
7
1
0
25
1
0
8
0
0
1
1
13
2
3
21
1
6
3
15
2
3
1
1
107
3
3
52
7
0
0
18
3
18
6
0
0
1
1
33
0
1
48
14
325
3
0
1
1
79
51
19
0
0
0
8
4
5
58
1
1
23
1
25
51
22
68
253
0
47
21
5
22
16
25
3
9
0
63
4
3
10
6
18
2
5
1
30
14
0
1
61
1
2
1
1
11
11
4
5
8
1
42
0
12
9
23
10
0
3
30
1
2
81
45
0
11
31
2
2
3
28
3
16
69
0
0
2
4
158
0
0
0
1
5
0
0
1
2
3
1
0
0
3
0
3
0
0
0
0
1
0
0
4
0
0
1
0
0
931
1
0
16
0
0
39
7
8
12
7
13
3
9
4
97
0
1
12
3
0
7
21
13
1
7
126
18
0
818
6
115
818
774
10
2
0
0
0
0
0
4
1
0
0
2
0
18
0
24
128
9
1
181
55
18
32
26
55
0
0
0
0
2
106
0
0
0
8
0
130
38
0
69
3
61
26
9
0
6
3
73
35
0
0
0
8
130
170
0
51
4
0
0
11
119
28
18
0
0
4
73
0
0
4
135
0
1
1
80
0
0
9
105
3
0
0
1
0
50
3
0
0
26
5
0
0
8
2
101
34
14
39
1
396
0
0
0
4
0
0
0
0
24
0
0
0
0
1
6
35
0
2
0
1
501
31
0
141
0
0
0
1
0
287
53
186
0
0
3
17
28
7
0
60
0
0
0
443
31
6
0
0
0
196
7
6
16
2
44
3
1
1
41
0
1
67
0
0
0
0
7
83
0
0
11
0
8
4
0
10
3
6
1
0
0
0
0
0
6
4
0
16
3
0
5
6
0
1
2
25
6
1
2
2
23
267
48
0
0
0
0
4
10
5
5
5
0
0
5
0
10
0
0
11
0
0
25
515
4
1
3
42
10
4
1
3
0
4
22
11
15
0
0
0
0
1
5
2
3
38
28
1
3
65
11
1
0
5
0
25
66
1
0
0
0
1
2
70
1
85
0
341
15
1
27
9
1
0
8
3
0
1
0
9
26
16
12
0
0
0
1
11
6
2
7
0
10
0
55
8
38
0
0
0
21
4
101
3
4
6
11
19
19
151
0
31
2
38
145
0
49
7
0
0
62
1
0
37
0
0
0
0
149
26
0
6
3
2
0
12
1
0
0
278
0
0
7
2
39
6
0
2
0
0
7
0
0
0
1
1
8
15
3
0
0
4
0
0
4
0
0
0
17
39
0
0
35
491
2
0
16
0
0
5
0
2
0
57
1
20
48
2
3
2
0
0
57
1
0
0
1
4
0
18
2
35
6
53
2
23
4
0
26
0
28
8
0
41
0
27
2
42
0
11
0
0
0
0
0
37
0
0
0
0
0
2
4
0
14
4
4
0
9
17
5
874
0
39
28
0
0
38
0
2
89
4
0
29
0
38
0
0
0
0
0
5
9
7
51
0
0
28
7
139
19
133
89
101
0
96
129
0
3
10
1
0
0
0
5
0
2
0
5
0
1
3
1
40
17
7
3
10
1
33
6
10
0
2
0
73
8
0
0
65
0
10
1
3
35
2
1
576
3
12
9
0
1
13
1
2
8
130
8
0
0
0
1
0
6
6
511
0
22
11
7
8
0
22
0
7
0
3
4
3
0
44
0
10
0
32
7
20
0
289
0
2
65
32
13
0
19
11
6
796
17
32
0
0
1
0
2
0
113
0
5
0
101
6
2
0
2
19
12
1
3
0
9
189
0
35
11
7
27
0
3
0
24
2
0
5
72
116
0
12
0
796
0
2
0
64
0
5
0
16
26
0
0
36
72
1
0
0
9
92
51
25
18
68
0
1
11
0
3
0
0
101
34
2
398
3
269
3
10
13
0
31
14
555
0
22
0
72
7
1
21
1
2
12
0
2
420
367
6
76
4
6
0
2
1
34
3
1
20
30
55
39
157
0
51
45
3
5
1
4
66
32
1
732
38
57
12
2
30
7
10
1
24
9
0
1
0
34
166
74
1
0
8
29
65
32
15
453
4
0
23
65
193
7
5
2
0
10
0
57
41
300
0
11
54
22
9
0
5
4
0
0
10
56
0
0
37
0
13
41
0
1
0
8
11
427
1
10
6
2
37
308
21
6
0
6
0
8
6
0
0
82
0
24
12
0
561
7
25
48
0
295
11
0
0
118
0
0
34
0
200
22
0
25
1420
148
53
44
5
2
79
34
1
11
5
0
4
20
0
67
0
2
114
12
2
8
171
5
1
130
4
68
15
25
21
54
5
5
0
122
0
3
1
8
19
101
16
149
0
6
0
14
52
0
97
0
0
5
2
22
982
17
4
10
2
41
0
318
4
30
76
291
54
0
0
0
76
31
14
0
18
1
0
14
189
87
133
6
0
8
0
3
0
18
17
47
32
15
0
37
0
0
29
0
1
8
8
14
21
74
0
513
9
2
3
23
8
1
5
0
0
0
2
0
2
116
55
0
1
2
0
0
11
1
96
11
0
378
77
237
3
5
9
0
44
19
0
150
39
6
26
0
2
3
2
154
28
0
0
0
126
5
1
3
3
0
5
8
0
0
0
100
47
1
261
32
96
28
2
95
0
52
27
0
3
0
1
0
69
0
1
0
19
86
0
48
2
15
1301
12
18
0
51
315
0
0
0
0
165
0
198
1
71
174
1
1
9
32
1
0
1
