8
1
106
2
1
4
2
0
0
3
0
0
0
22
0
0
0
3
64
53
6
6
0
7
30
3
4
5
0
0
0
0
2
4
16
15
1
30
43
8
8
3
9
0
2
0
0
1
10
0
7
0
8
26
1
34
9
8
3
13
1
8
3
0
5
0
23
3
0
3
1
57
3
61
0
2
6
1
1
17
0
0
10
0
0
0
35
2
0
16
0
0
0
5
10
0
6
15
7
3
0
16
0
7
9
22
8
0
0
141
18
90
0
2
0
5
3
0
0
7
0
1
2
0
1
17
9
4
0
2
0
10
39
13
4
0
12
1
0
0
0
0
0
6
0
60
0
37
0
8
5
0
2
0
9
0
3
0
1
0
0
0
0
0
0
0
1
0
81
2
11
11
0
0
0
0
0
0
62
0
0
0
0
1
0
0
0
5
7
1
1
16
0
2
0
0
1
0
39
0
5
31
0
4
4
0
16
1
2
5
0
1
25
1
0
34
2
74
7
1
15
2
8
24
0
0
24
0
2
4
0
12
0
0
2
0
1
0
0
0
0
0
1
0
1
0
32
0
60
5
0
6
2
9
0
0
8
10
6
0
1
1
0
1
7
1
0
0
1
1
2
0
0
0
21
1
0
0
2
8
0
0
13
3
23
12
11
0
1
2
10
86
3
3
0
1
0
1
1
2
10
6
19
1
7
11
1
6
1
0
5
3
0
57
107
6
0
210
0
3
1
0
2
0
0
25
2
1
1
17
10
2
1
2
0
0
85
75
1
3
0
22
3
0
4
0
4
2
0
2
15
2
0
0
0
0
22
0
4
34
20
0
27
16
0
8
0
59
0
2
15
31
0
0
0
46
0
16
30
0
0
4
26
1
0
0
0
0
1
1
50
0
11
6
0
2
3
10
2
2
37
1
1
0
44
0
0
0
141
26
4
5
1
4
4
6
3
12
0
18
0
0
3
18
0
9
2
0
3
0
0
2
3
13
1
0
18
4
0
1
44
204
0
0
1
6
139
0
3
1
1
0
0
4
1
0
3
6
0
1
5
5
0
1
1
2
0
9
1
3
18
25
2
21
1
0
1
2
2
1
2
0
2
1
6
138
9
2
14
26
1
19
0
0
0
7
0
0
8
0
1
16
4
5
1
3
2
58
0
0
0
1
44
8
0
81
0
4
1
4
1
2
2
0
0
21
0
0
0
0
5
14
1
10
7
0
0
52
21
47
7
14
2
1
0
0
0
0
5
5
0
0
64
29
0
0
0
2
0
18
0
64
31
6
14
20
3
100
0
36
0
0
0
0
45
0
1
1
0
0
2
0
3
32
1
0
8
0
0
34
0
3
0
0
0
81
4
0
0
0
45
0
0
2
2
10
2
9
4
15
20
6
9
589
2
492
26
0
1
0
2
2
1
43
0
1
0
1
2
0
10
2
3
11
8
0
0
5
11
32
1
1
0
1
169
0
12
1
1
15
0
4
19
6
1
0
74
0
0
29
0
1
0
0
114
0
0
37
6
0
2
0
0
0
14
0
49
2
167
0
27
0
2
0
0
8
1
213
0
1
1
104
11
73
9
7
0
1
0
0
32
0
1
1
109
1
3
6
0
0
11
0
13
0
3
1
0
2
4
2
523
2
1
6
82
2
0
1
0
0
6
6
13
8
1
1
20
1
3
0
18
0
0
5
0
6
4
8
0
0
2
0
0
0
19
3
0
0
17
12
63
0
2
29
9
3
0
0
2
1
54
156
0
6
0
4
2
0
0
12
67
1
1
1
0
0
0
2
30
2
3
0
110
0
0
9
0
24
26
5
2
4
0
0
10
15
30
0
3
139
236
7
7
18
0
45
23
0
0
0
0
0
6
0
1
1
0
1
67
0
0
0
67
0
4
20
0
1
2
1
8
50
1
3
8
0
0
2
4
5
6
3
0
16
9
0
4
2
2
0
0
0
6
0
0
14
21
0
26
0
8
1
3
0
2
4
0
8
270
1
7
7
0
44
2
0
21
7
18
0
0
0
4
0
3
5
73
0
2
34
0
0
0
6
0
1
0
2
0
8
18
12
13
17
12
0
0
1
2
0
108
3
1
1
62
59
6
0
0
0
9
0
0
0
17
7
2
0
11
150
20
260
0
101
0
1
736
43
2
13
0
2
29
1
0
22
5
73
9
4
3
3
0
0
2
0
17
3
698
0
0
6
2
2
1
8
44
7
5
3
4
1
19
0
0
1
17
155
1
4
68
0
1
0
155
0
0
0
12
2
0
29
62
2
15
0
1
29
92
2
0
0
6
46
2
0
1
1
0
4
71
1
3
5
0
96
2
4
1
25
11
13
15
0
2
1
0
10
6
5
1
0
1
17
2
0
0
29
20
4
1
4
23
0
2
0
7
1
10
8
1
2
7
0
73
4
1
6040
0
0
0
0
0
1
0
0
7
1
22
3
7
0
26
0
0
0
3
3
6
0
36
7
3
6
0
0
24
1
10
2
66
0
0
18
0
4
0
0
29
0
0
2
12
0
2
0
0
7
56
13
116
0
1
2
0
0
872
2
0
11
12
18
0
0
12
23
3
0
45
11
0
18
2
1
1
21
0
0
0
152
0
39
0
0
0
5
0
0
81
1
0
3
4
0
1
209
0
0
11
6
5
83
2
0
2
41
92
0
0
10
39
17
25
22
0
0
12
0
4
237
0
0
3
52
5
11
0
10
0
7
1
382
6
34
47
16
1
3
1
25
2
0
3
0
13
13
5
0
10
8
2
1
0
61
25
1
8
0
0
6
0
0
0
1
0
56
8
0
0
34
0
10
2
8
0
16
2
0
0
1
0
1
0
14
3
0
2
75
0
1
0
0
3
0
3
0
1
3
7
0
10
0
1
1
2
5
1
0
3
35
44
0
0
171
20
0
268
1
0
1
4
0
19
408
18
5
0
0
0
7
0
0
3
0
1
1
0
1
1
2
0
475
1
21
0
31
1
1
1
0
7
241
1
0
4
160
1
0
0
1
25
5
53
11
8
16
4
4
15
3
76
28
10
9
1
583
0
0
3
12
2
19
93
6
0
2
143
2
0
0
0
1
9
49
15
24
95
5
52
2
2
11
1
11
4
11
9
0
0
5
4
4
0
2
307
0
39
0
1
0
1
0
1
71
4
0
56
3
0
1
0
0
11
129
2
1
159
0
16
0
1
1
0
12
0
2
0
29
21
5
1
2
2
0
0
87
0
3
1
1
1
1
7
7
61
1
11
1
5
0
2
18
0
0
24
25
0
3
7
2
6
761
2
1069
1
0
1
0
15
14
3
6
15
4
0
1
39
276
0
17
1
0
1
0
51
1
19
0
7
0
1
0
33
0
2
1
0
1
0
0
47
0
2
200
0
2
0
1
0
0
0
0
0
4
0
2
12
3
2698
6
6
23
11
65
20
10
2
218
4
6
1
0
32
7
0
6
18
268
0
2
0
54
20
1
13
0
1
1
0
43
17
37
4
0
1
0
0
7
1
6
8
15
0
28
1
73
4
0
1
3
6
2
0
1
21
1
286
299
738
6
0
1
2
23
5
19
13
0
3
4
4
0
7
0
0
0
0
0
2
16
17
11
2
0
4
2
0
494
5
0
0
2
0
2
1
1
0
0
24
0
0
2
97
1
80
1
0
0
0
3
0
0
18
1
0
0
4
0
6
0
0
0
0
1
6
0
37
1
2
0
0
0
0
0
2
1
2
0
22
0
0
0
0
5
0
21
1
7
0
11
178
0
3
0
0
0
1
14
0
2
6
21
0
1
3
0
0
0
0
7
0
5
0
0
0
303
0
36
3
225
1
0
0
42
30
6
13
20
1
2
0
46
0
21
0
0
0
2
0
81
1
4
0
0
3
21
425
0
0
18
1
0
3
4
0
0
7
3
0
161
0
0
2
16
8
74
7
18
0
0
0
8
0
2
1
0
49
2
20
45
68
0
0
0
0
3
0
321
0
38
0
0
0
19
24
0
0
0
23
9
18
0
6
1
18
1
0
14
0
0
0
22
0
0
53
1
5
2
7
0
10
0
0
0
0
0
2
0
13
0
110
2
313
3
0
0
46
0
0
0
0
0
0
0
0
0
37
0
4
46
1
2
0
1
8
0
0
0
0
0
229
0
1
52
0
62
3
5
34
2
94
28
9
8
0
0
85
0
10
0
0
0
4
2
0
0
20
17
22
0
0
3
0
0
0
6
1
0
1
0
0
313
233
0
0
3
1
0
0
1
0
0
14
5
0
8
6
5
2
0
1
31
56
0
0
15
0
48
2
6
16
3
2
0
1
1
1
0
73
1
3
0
1
137
34
12
4
0
0
8
3
0
2
0
0
1
0
7
0
0
0
1
0
1
0
0
0
0
0
0
0
0
2884
0
10
0
0
0
0
679
0
4
6
0
54
0
0
0
49
0
0
0
0
6
0
0
3
3521
0
7
2
0
0
13
9
0
6
0
0
0
67
27
106
0
9
2
0
0
2
1
0
0
0
26
0
16
13
22
0
31
99
2
0
0
0
0
6
2
115
0
10
0
0
0
0
1
0
0
0
0
4
21
4
0
29
4
0
1
4
0
0
0
0
2
0
2
0
3
61
2
0
39
1
50
11
0
0
1
0
1
0
233
77
2
2
0
2
0
1
0
0
169
0
0
0
8
0
75
1
31
0
0
53
2
4
0
2
6
910
28
3
3
3
5
24
20
0
8
0
0
42
0
21
26
1
3
0
0
0
0
0
0
8
0
0
1
0
0
12
19
0
216
22
0
10
0
19
150
9
0
0
52
37
6
6
0
0
0
3
30
7
0
4
36
1
20
5
55
247
32
8
65
16
2
0
15
1238
40
0
252
54
1
591
0
410
234
6
0
7
6
0
1
8
0
11
471
22
0
65
17
6
3
0
0
0
18
3
0
6
11
0
20
0
2
17
68
2
1
4
4
0
1
2
0
57
2
354
0
0
5
6
0
3
3
1
9
51
3
5
0
0
1
10
98
0
0
1
0
4
62
29
5274
0
9
42
447
0
247
0
0
523
0
0
0
5
2
0
0
0
0
1484
3843
0
4
0
45
0
1
0
0
0
0
0
0
0
0
9
0
5
96
0
14
0
0
3
0
7
0
2
3
14
9
0
0
36
41
0
0
4
17
9
7
1
47
202
47
5
0
0
45
0
58
0
95
0
0
1602
0
36
2
1
0
1
13
0
0
2
1
0
0
132
16
2
0
1
0
0
0
0
0
0
222
2
0
33
243
0
1
0
0
0
64
0
0
0
0
0
0
6
2
548
7
0
0
286
416
0
0
0
6
1
1
1
3
0
0
467
1
0
52
12
0
149
0
17
0
0
8
10
3
70
0
3
112
0
3
0
0
11
7
7
0
10
0
0
0
0
2
54
2
1
0
34
1
0
21
2
4
0
12
19
0
3
2
16
0
1
54
57
10
2
0
6
95
4
0
3
0
0
1
4
19
14
0
0
25
5
248
1
0
0
0
0
6
3
12
0
306
9
5
16
0
0
7
16
0
0
89
0
0
0
28
0
35
2145
24
2
1
549
0
45
0
13
0
0
2
0
0
14
6
5
0
1
46
5
2
0
0
250
0
1
10
0
0
0
30
0
6
2
0
20
0
4
0
100
40
0
0
3
9
0
0
1
2
59
0
0
2
51
15
2
8
238
93
0
4
1
4
0
6
1
0
30
36
7
10
3
0
28
3
1104
0
1
101
4
25
3
8
32
76
6
0
18
0
1
2
5
25
2
3
838
3
4
1
24
20
0
5
0
96
1
3
152
2
0
1
324
0
20
0
7
4
7
45
16
4
0
46
9
3
0
61
10
42
0
351
10
0
6
35
179
21
1617
0
89
364
0
33
0
0
29
7
2
0
1
5
0
17
7
0
1
366
111
0
0
0
0
429
0
11
2
0
7
6
5
4
0
0
1
0
0
0
3
0
197
0
0
0
1
1
0
0
0
6
0
0
0
5
15
18
42
0
0
65
0
1
4
1
231
0
163
18
0
0
0
4
27
10
0
139
927
0
0
25
2
0
28
67
0
0
2
10
14
13
0
48
5
31
0
0
5
7
460
3
7
1
1
0
11
23
1
80
3
5
9
31
1
495
14
0
15
1
4
23
0
0
0
6
2
0
1839
0
1
0
29
12
0
0
0
0
5
15
5
0
0
0
10
27
0
52
0
0
21
0
0
1
3
0
3
35
3
0
0
0
0
2
0
2
3
6
4
5
0
4
58
3
4
0
6
1
5
2
0
0
7
8
0
0
6
0
0
35
0
0
4
13
1
0
0
2
0
0
1
0
0
1
0
2
0
0
0
0
15
0
0
0
0
0
0
0
79
0
0
0
22
0
1
0
1
0
0
8
8
10
3
0
1
37
8
66
51
57
0
0
46
0
0
1
4
8
0
0
0
0
1
0
0
0
0
0
3
10
1
2
0
9
0
0
4
6
0
0
0
0
0
1
9
34
155
133
0
0
9
0
0
0
0
0
6
1
4
20
5
9
0
62
0
558
4
0
23
1
6
6
0
653
31
0
1
5
14
4
3
24
3
15
