7
1
92
4
6
6
0
0
0
19
3
0
0
58
1
0
0
19
30
705
6
6
0
2
26
14
13
10
0
0
0
0
7
4
15
36
10
33
72
7
10
8
32
3
2
0
0
22
20
0
10
0
22
16
1
14
15
102
5
18
1
99
25
0
26
5
207
2
0
6
5
13
2
47
0
2
36
4
1
17
0
0
40
0
0
0
59
2
0
3
0
0
0
31
5
0
0
20
35
3
0
16
0
6
9
23
22
25
0
5
23
65
5
3
0
6
7
6
0
9
1
1
15
0
1
30
9
16
0
10
0
8
6
0
2
3
17
4
5
0
1
6
0
2
0
80
0
6
5
18
14
0
2
0
9
0
4
0
3
0
0
0
0
0
0
0
4
0
140
3
18
12
0
0
0
0
0
0
124
0
1
0
1
6
0
1
0
7
2
1
1
23
0
1
1
0
1
0
90
0
5
49
1
6
6
0
15
1
3
7
20
1
25
20
0
51
2
90
22
2
8
2
23
441
0
2
0
0
2
16
0
5
0
2
11
0
5
5
0
0
0
0
12
0
10
0
28
0
22
7
1
9
5
21
0
19
8
7
24
0
2
9
0
1
10
3
8
1
3
1
9
0
0
0
7
6
0
0
2
56
0
0
20
9
19
60
18
0
1
2
4
2703
12
3
0
1
4
11
2
1
7
8
26
3
6
28
1
3
1
0
1
3
0
69
183
18
0
91
0
4
1
2
2
0
0
22
3
30
2
35
29
5
3
2
1
0
93
182
1
3
0
28
3
0
4
0
4
2
0
1
4
2
0
0
2
1
63
0
3
36
17
4
85
12
0
24
0
76
0
3
34
9
0
0
4
105
0
40
45
1
0
19
31
0
0
0
1
1
10
4
41
0
40
6
0
2
1
1
8
7
116
1
148
10
134
146
135
0
56
45
33
24
251
17
4
42
8
15
0
0
1
1
2
15
0
19
8
2
0
0
5
1
3
38
1
0
4
13
0
1
38
118
0
3
1
29
109
0
7
1
1
0
0
8
2
0
0
15
4
7
5
2
1
3
1
2
5
13
1
36
18
26
2
23
8
0
1
2
16
1
0
0
12
29
10
88
17
2
12
26
7
1
0
1
1
12
0
2
8
1
1
22
4
5
1
11
2
42
0
0
4
1
67
19
2
84
0
8
2
23
1
19
1
0
0
16
0
1
0
0
5
0
11
17
13
9
0
77
51
64
4
72
19
30
0
11
7
11
10
5
0
0
38
17
0
0
0
2
4
14
2
91
33
6
13
37
5
67
0
39
2
0
0
0
5
0
14
6
1
1
5
0
14
0
1
0
9
0
0
129
2
146
0
2
0
237
4
4
0
0
30
2
0
4
2
68
2
14
4
22
26
1
10
144
12
8
38
0
3
7
6
4
2
94
4
7
0
3
2
1
19
2
3
53
32
0
0
5
5
34
1
1
0
1
342
0
12
2
1
11
6
3
0
7
1
0
97
0
2
91
0
4
0
0
84
0
0
38
12
0
2
0
0
4
14
0
139
3
0
0
27
0
2
0
0
2
1
158
2
1
1
136
11
73
26
9
9
1
11
0
28
0
1
7
68
1
3
11
0
0
18
0
15
0
2
1
10
1
4
2
578
0
1
25
114
9
0
1
0
63
6
0
17
30
1
3
16
1
5
0
6
0
1
5
0
21
10
34
31
1
2
0
16
0
27
7
12
0
9
13
48
0
0
33
7
1
3
5
2
1
56
139
0
4
0
4
3
0
0
20
5
4
1
1
0
0
0
2
46
2
3
0
186
0
0
26
4
23
23
5
2
4
0
0
24
40
54
6
11
21
398
92
1
1
0
36
36
0
2
0
1
0
4
0
3
1
0
1
0
0
19
6
0
0
4
56
4
2
2
1
10
52
1
3
18
1
3
17
29
37
23
11
0
4
67
0
4
10
2
0
0
0
36
0
0
15
22
0
28
0
16
1
6
0
2
7
6
16
186
2
12
7
0
23
40
0
31
6
25
0
0
0
0
0
7
3
35
0
1
3
0
0
0
7
2
1
0
3
0
5
22
8
96
16
13
0
0
10
19
0
37
3
1
1
39
102
10
0
0
0
13
2
0
0
32
57
2
0
27
126
7
522
0
91
0
1
708
26
2
2
5
0
39
1
0
17
4
59
39
4
9
4
0
10
4
4
34
6
634
0
0
8
2
2
4
12
51
3
4
17
23
1
59
0
0
1
21
129
0
4
37
0
1
0
134
0
0
0
1
13
0
42
48
2
32
0
3
42
104
3
0
0
22
12
2
0
2
4
2
11
115
1
7
5
0
24
0
11
1
17
18
12
15
4
2
1
0
7
5
10
2
1
3
28
2
4
0
30
39
4
7
4
12
1
2
0
7
1
2
128
1
2
3
0
145
3
1
5982
0
18
0
1
0
1
6
0
27
4
4
5
7
0
43
0
0
0
56
6
6
0
27
28
12
32
0
0
25
0
30
2
24
0
0
13
0
11
0
0
111
0
0
4
3
0
2
0
6
4
15
11
120
0
1
2
2
0
1014
3
4
0
13
0
10
0
36
24
3
0
46
14
0
75
14
18
1
20
0
4
0
366
0
41
0
0
0
37
0
0
198
3
0
67
6
0
0
40
0
0
3
6
4
298
23
0
5
50
12
0
1
21
73
10
33
22
0
3
61
0
7
54
0
0
2
64
14
17
0
14
0
13
1
251
1
9
124
38
1
40
15
12
5
0
0
0
17
17
24
0
14
3
2
6
8
25
16
1
10
0
0
5
0
0
0
1
0
10
5
0
0
52
4
27
9
26
0
102
25
6
0
1
0
1
0
21
3
0
2
16
2
1
0
0
10
0
7
21
5
3
7
0
12
2
1
5
5
38
9
0
0
35
51
0
0
130
31
0
354
5
0
2
217
13
1
401
35
5
0
1
0
11
2
0
2
0
2
1
10
1
1
2
4
0
1
18
2
10
12
1
1
1
11
4
1
1
1
710
3
0
0
15
2
6
16
4
0
1
6
7
20
1
155
41
4
161
3
816
0
0
14
8
16
7
99
0
0
2
133
14
0
0
0
1
9
75
9
48
100
13
9
2
40
13
15
6
8
38
16
31
5
12
5
4
2
2
175
0
2
0
5
0
1
0
7
55
5
1
26
5
0
5
0
0
6
32
1
9
163
1
16
0
6
2
0
37
0
4
0
46
40
3
7
12
4
0
0
28
0
3
1
1
2
2
7
7
69
1
17
12
4
0
2
15
0
0
90
82
0
4
43
8
6
28
2
1114
1
38
1
0
28
49
22
17
15
30
0
1
39
276
0
20
1
1
1
0
51
2
22
0
7
0
1
0
63
0
2
1
0
1
0
0
146
0
2
2
0
2
0
1
0
0
0
4
0
4
5
2
13
3
293
68
26
8
11
69
10
20
2
0
49
26
8
0
0
6
0
132
0
788
0
4
0
8
7
1
4
0
2
1
0
53
23
33
1
0
2
0
8
7
1
1
9
21
0
29
5
30
15
0
2
5
20
2
0
1
24
2
480
96
806
17
9
3
16
135
28
22
23
0
3
4
0
0
7
0
9
0
0
0
20
25
49
9
2
0
9
0
0
628
25
0
0
2
0
8
10
1
0
0
39
0
0
8
146
7
0
1
0
0
0
6
5
0
64
5
0
0
1
58
0
0
0
0
0
1
26
0
58
1
8
0
1
5
0
0
2
5
4
0
32
0
0
0
13
45
0
18
1
30
0
24
26
0
3
0
0
0
4
6
0
3
5
28
0
1
124
5
0
0
0
10
0
5
0
0
0
278
0
7
1
175
14
0
0
19
146
13
14
1
1
1
0
1
0
22
0
0
0
4
0
127
5
10
0
0
3
95
165
0
0
32
1
4
3
2
0
0
16
6
0
59
2
0
7
25
3
95
3
6
3
17
0
16
0
0
1
0
47
3
208
75
241
0
0
0
0
73
0
238
3
43
0
4
0
14
94
0
0
0
87
21
20
0
17
1
36
1
0
15
0
0
0
48
0
0
43
10
14
26
13
3
54
0
0
0
0
0
4
0
8
0
102
0
339
24
0
0
53
0
0
0
0
0
0
0
0
0
183
0
3
319
22
2
0
11
13
0
0
0
0
0
176
0
6
78
0
68
8
5
15
3
104
214
7
15
2
0
91
0
15
0
0
4
4
4
0
2
203
53
27
0
0
10
0
0
0
8
1
0
2
0
0
533
54
0
0
3
2
0
0
1
0
0
24
5
0
111
31
7
6
0
6
31
39
0
0
2
0
0
17
3
16
15
44
0
4
16
42
0
33
1
13
0
1
300
29
31
4
0
0
0
2
0
1
0
4
1
0
19
0
0
0
1
0
1
0
0
0
0
0
0
0
0
2584
0
3
0
0
0
0
700
0
5
10
0
61
0
0
0
4
0
0
0
0
6
0
0
26
0
3
9
2
0
0
39
88
0
9
0
0
0
112
36
108
0
82
2
0
0
23
5
0
0
0
4
15
58
23
90
0
27
98
10
11
8
0
0
13
2
142
0
29
0
0
0
0
9
0
0
0
0
0
19
6
9
28
8
0
1
1
0
0
0
0
4
4
25
20
6
67
4
0
57
10
65
20
0
0
1
0
6
0
54
162
2
1
0
2
0
1
0
2
240
0
0
0
0
0
136
2
2
0
0
4
5
4
0
2
2
2809
49
3
0
3
8
17
4
0
12
0
1
6
0
27
8
3
2
0
0
7
0
0
0
10
0
0
3
0
0
1
39
0
327
17
0
13
0
21
29
9
0
0
56
24
6
10
0
0
0
3
109
29
0
22
27
1
0
16
3
146
163
4
12
12
6
0
2
500
59
0
16
96
2
31
0
33
16
17
3
18
151
0
1
14
0
9
471
71
0
3
1
12
24
0
0
0
20
34
0
22
15
0
62
4
2
19
79
23
24
7
4
0
1
3
0
196
4
354
0
0
20
4
0
7
14
0
5
0
3
7
0
0
1
7
24
0
0
1
0
62
147
32
0
0
27
5348
0
0
302
0
13
130
0
0
0
2
4
0
0
0
0
1597
3843
0
0
0
50
19
1
0
65
0
0
0
0
0
0
9
0
0
51
0
17
0
0
11
5
2
0
4
3
41
203
0
0
82
15
0
6
0
194
16
25
1
23
175
47
15
0
0
7
0
9
0
0
0
0
1602
0
3
2
4
0
15
9
0
1
0
1
0
0
102
10
17
0
1
0
0
0
0
0
0
2
2
0
29
196
0
0
0
0
0
76
0
0
0
0
0
0
174
27
444
12
2
20
71
308
0
0
0
17
2
7
1
10
0
0
180
21
0
36
14
0
136
0
47
0
0
9
1
7
78
4
3
95
0
5
0
0
10
57
24
0
31
0
0
0
0
6
43
2
1
0
0
1
21
23
11
15
0
35
28
0
71
2
16
2
12
204
116
23
2
9
14
159
22
0
1
0
0
1
56
22
32
0
0
28
7
662
0
0
0
0
0
8
3
38
0
171
13
13
42
0
0
275
1
0
0
72
0
0
0
32
0
51
10
42
6
1
644
0
55
0
25
0
0
3
7
0
14
2
5
14
1
61
5
15
0
0
462
0
39
13
0
0
0
51
0
8
2
4
44
0
17
0
283
0
20
0
20
8
4
0
1
15
78
0
0
2
61
35
14
8
93
238
0
0
7
10
0
8
1
0
34
0
3
14
3
0
18
40
1154
0
1
9
65
9
177
47
11
31
20
0
6
14
1
8
20
31
1
3
714
1
4
1
32
55
0
7
0
152
15
6
168
4
0
1
285
0
34
0
17
4
33
107
19
20
0
36
9
5
0
175
35
89
0
343
19
0
17
67
176
104
14
6
10
800
0
87
0
0
6
2
2
0
6
4
0
30
24
18
1
379
111
0
0
0
0
1120
0
11
2
0
15
0
45
19
0
0
6
0
6
0
3
4
207
2
19
3
1
1
0
0
0
6
0
0
19
2
20
228
47
0
0
111
0
0
4
1
451
0
158
49
0
3
0
10
25
54
0
7820
1
0
25
96
34
0
1
165
0
0
2
20
14
75
0
40
11
67
0
0
0
12
1029
5
37
1
1
13
232
0
9
100
4
11
9
30
1
395
14
0
14
1
5
71
0
1
12
9
13
0
1364
4
6
0
57
23
0
1043
0
0
18
52
5
0
0
0
19
33
0
157
0
0
55
0
0
4
3
0
23
59
3
0
0
11
0
3
24
109
2
322
10
30
0
22
169
14
10
0
6
1
14
3
0
0
9
23
0
0
20
0
0
36
0
0
10
18
2
9
1
17
0
0
1
0
0
26
0
7
0
0
0
4
11
0
0
0
0
0
0
0
37
0
0
0
171
0
1
0
2
1
0
23
8
16
16
0
6
45
9
138
78
61
0
4
28
0
0
1
7
8
0
0
0
0
7
0
0
0
0
0
3
29
35
2
0
7
0
0
0
9
0
0
0
0
0
2
9
68
429
197
0
0
1
0
0
0
0
0
16
0
40
67
41
37
0
682
0
522
18
0
17
2
7
7
0
841
22
0
1
4
71
9
4
24
6
19
