2
1
1
0
0
3
0
2
0
0
0
0
1
0
1
1
1
2
2
1
0
0
2
0
3
1
13
1
1
0
3
1
0
0
2
0
13
1
1
0
0
0
1
1
2
1
3
5
0
6
1
2
6
1
1
0
0
5
0
0
0
5
1
9
0
1
1
1
0
0
1
3
2
1
4
2
0
1
2
3
0
4
0
1
0
0
6
1
2
6
4
0
0
5
0
1
3
3
9
0
3
4
1
42
0
0
3
1
0
0
7
1
2
3
0
0
0
0
0
0
1
0
0
1
0
0
13
1
1
4
63
216
117
2
1
0
1
0
1
2
0
1
15
1
3
4
1
1
0
1
1
0
0
0
0
0
2
1
1
0
0
0
1
0
1
3
10
4
0
1
8
0
0
0
6
0
0
1
2
2
0
2
0
3
0
1
0
1
1
0
0
2
0
1
2
9
3
0
0
3
1
2
6
0
0
0
0
1
0
0
2
3
4
0
1
2
2
2
1
3
0
0
1
0
2
0
2
0
0
2
2
3
1
1
1
7
0
1
8
0
5
0
0
1
1
0
0
0
0
3
0
0
0
0
0
1
0
0
1
19
1
3
0
0
0
0
14
4
0
0
2
4
9
3
4
0
1
1
0
1
0
0
1
1
0
4
6
0
0
0
0
0
0
0
0
0
0
3
0
0
0
6
0
3
1
1
0
1
3
2
0
0
0
1
1
7
1
0
1
0
1
0
0
4
0
0
0
5
1
0
0
0
0
1
0
0
3
1
0
0
0
1
1
0
1
0
1
1
0
5
0
0
0
0
3
1
1
1
1
0
0
6
3
0
3
11
0
2
0
1
0
5
1
4
3
0
6
2
2
3
5
5
0
4
2
0
0
2
1
0
0
0
0
1
2
1
0
0
3
2
1
0
1
0
0
0
5
2
0
1
0
0
0
1
59
2
1
0
3
2
0
0
0
2
0
0
0
0
0
0
1
1
0
4
3
0
0
0
0
0
2
0
0
1
0
0
0
0
1
1
1
0
1
3
0
0
1
0
1
1
0
0
0
0
0
0
1
1
0
24
0
0
4
14
0
0
2
0
0
1
4
1
0
0
0
0
1
1
0
3
1
4
2
0
1
1
0
1
1
0
1
1
1
1
0
0
19
0
1
0
0
1
0
2
0
1
4
2
4
1
1
4
0
1
2
0
0
3
1
1
1
2
1
2
1
1
0
0
0
0
1
1
1
1
3
1
9
1
0
2
0
2
3
3
0
7
1
1
1
1
8
1
1
0
0
0
1
36
2
0
4
6
1
8
0
5
4
2
1
1
4
1
5
1
2
0
287
1
0
1
1
11
1
0
1
1
1
1
0
0
0
0
1
0
2
2
2
0
3
1
2
5
5
36
0
0
0
3
15
1
5
1
1
0
0
2
2
0
1
1
0
5
2
1
0
1
2
5
0
3
1
0
0
1
1
67
5
26
