4
1
0
0
0
115
0
14
0
0
0
0
7
0
1
12
189
51
5
36
0
0
9
0
6
7
16
0
2
0
344
26
0
0
5
0
667
69
1
0
0
0
7
2
8
3
36
43
0
73
2
5
18
0
1
0
0
12
0
0
0
24
4
39
0
24
11
3
0
0
1
6
15
9
75
19
0
41
54
1
0
0
0
1
0
0
20
1
2
13
80
0
0
14
0
66
41
37
27
0
13
46
2
7178
0
0
4
5
0
0
318
0
0
8
0
0
0
0
0
0
1
0
0
4
0
0
65
12
5
11
158
244
637
3
4
0
1
0
2
8
0
2
72
6
31
28
1
4
0
0
2
0
0
0
0
0
2
2
0
0
0
0
4
0
1
34
58
4
0
0
102
0
0
0
76
0
0
0
14
14
0
6
0
12
0
20
0
132
2
0
0
2
0
2
8
13
17
0
0
13
1
6
33
0
0
0
0
2
0
0
21
29
15
0
2
3
1
21
1
34
0
0
1
0
8
0
2
0
0
3
13
3
53
2
3
13
0
3
59
0
138
0
0
9
2
0
0
0
0
8
0
0
0
0
0
0
0
0
0
579
2
5
0
0
0
0
159
5
0
0
11
1
9
20
6
0
5
2
0
5
0
0
8
5
0
2
73
0
0
0
0
0
0
0
0
0
0
54
0
0
0
15
0
65
1
0
0
5
26
4
0
0
0
9
8
21
2
0
0
0
0
0
0
10
0
0
0
43
3
0
0
0
0
1
0
0
9
1
0
0
0
5
1
0
2
0
2
5
0
21
0
0
0
0
8
1
1
7
2
0
0
0
161
0
16
1
0
5
0
1
0
64
1
2
27
0
41
5
2
13
84
14
0
2
0
0
0
84
0
0
0
0
0
0
2
36
0
0
113
32
4
0
1
0
0
0
40
29
0
3
0
0
0
6
3730
4
3
0
5
5
0
0
0
10
0
0
0
0
0
0
3
1
0
8
0
0
0
0
0
0
21
0
0
3
0
0
0
0
2
1
2
0
1
4
0
0
6
0
1
2
0
0
0
0
0
0
0
78
0
7
0
0
16
47
0
0
8
0
0
1
2
8
0
0
0
0
1
2
0
3
2
110
1
0
5
4
0
2
0
0
10
4
19
3
0
0
1793
0
2
0
0
3
0
5
0
17
39
18
4
1
1
43
0
7
22
0
0
11
2
7
3
0
0
448
19
2
0
0
0
0
2
2
16
28
40
1
21
6
0
6
0
2
4
19
0
68
2
2
10
2
7
26
4
0
0
0
1
5803
18
0
7
68
5
47
0
43
10
1
2
4
4
2
44
15
13
0
20344
11
0
10
9
28
0
0
1
1
1
2
0
0
0
0
1
0
10
7
3
0
6
1
38
32
11
711
0
0
0
5
49
16
115
0
6
0
0
43
5
0
5
1
0
41
16
2
0
0
6
118
0
4
2
0
0
2
29
0
26
600
