4
1
0
0
0
54
0
29
0
0
0
0
7
0
2
1
24
3
6
8
0
0
6
0
9
147
22
2
2
0
182
79
0
0
5
0
2
13
3
0
0
0
5
2
12
3
27
58
0
110
1
5
59
4
2
0
0
43
0
0
0
13
3
82
0
2
13
12
0
0
1
16
14
42
49
32
0
7
58
47
0
24
0
2
0
0
47
3
2
34
17
0
0
25
0
91
76
188
61
0
16
102
2
1
0
0
28
7
0
0
0
3
8
26
0
0
0
0
0
0
7
0
0
4
0
0
64
2
3
14
158
680
620
9
5
0
10
0
15
1
0
4
1038
0
52
53
1
7
0
3
2
0
0
0
0
0
20
3
14
0
0
0
13
0
6
9
76
16
0
2
268
0
0
0
26
0
0
51
5
5
0
10
0
10
0
42
0
5
2
0
0
2
0
8
14
21
251
0
0
49
3
68
46
0
0
0
0
2
0
0
43
138
43
0
2
8
12
15
2
93
0
0
5
0
9
0
18
0
0
17
12
63
103
2
15
13
0
0
313
0
7
0
0
11
10
0
0
0
0
14
0
0
0
0
0
3
0
0
3
116
6
23
0
0
0
0
78
2
0
0
18
46
195
53
20
0
4
9
0
1
0
0
30
3
0
121
65
0
0
0
0
0
0
0
0
0
0
116
0
0
0
139
0
0
1
8
0
3
37
4
0
0
0
3
7
37
1
0
3
0
16
0
0
44
0
0
0
83
4
0
0
0
0
2
0
0
6
1
0
0
0
53
1
0
41
0
2
5
0
13
0
0
0
0
3
1
3
15
5
0
0
64
22
0
33
11
0
5
0
1
0
113
2
19
57
0
528
6
7
4
166
67
0
15
4
0
0
101
6
0
0
0
0
1
6
40
0
0
150
39
41
0
1
0
0
0
38
50
0
0
0
0
0
12
4646
10
3
0
8
13
0
0
0
10
0
0
0
0
0
0
6
1
0
121
102
0
0
0
0
0
51
0
0
3
0
0
0
0
1
13
11
0
16
4
0
0
41
0
1
12
0
0
0
0
0
0
5
392
0
1607
0
0
50
31
0
0
8
0
0
23
4
3
0
0
0
0
1
9
0
45
10
137
10
0
36
4
0
2
1
0
11
8
15
17
0
0
84
0
10
0
0
7
0
8
0
0
105
32
7
3
1
43
0
5
38
0
0
51
1
10
5
22
7
510
48
22
0
0
0
0
7
2
17
62
6
4
96
0
0
1
0
2
4
27
0
91
2
0
12
7
102
75
9
0
0
0
50
89
6
0
2
136
6
167
0
30
11
4
2
6
27
2
131
1
51
0
1104
33
0
118
10
52
1
0
2
3
1
2
0
0
0
0
6
0
32
8
7
0
4
1
41
132
137
654
0
0
0
188
40
59
219
3
4
0
0
57
10
0
2
0
0
18
12
2
0
8
9
129
0
5
4
0
0
6
35
3005
53
1663
